870 1103
629 89
713 772
585 788
242 800
709 401
808 416
477 246
495 808
783 682
338 419
782 521
863 96
381 325
349 528
664 724
16 785
621 55
856 679
846 325
854 164
416 100
94 509
52 544
120 280
602 171
101 405
256 464
641 583
368 57
685 370
109 32
461 662
366 188
350 367
550 793
558 389
738 575
735 403
234 493
153 783
427 562
335 171
379 74
481 486
615 703
135 234
480 93
14 680
720 370
616 857
743 324
32 821
252 555
6 641
37 615
695 439
659 645
651 503
505 736
119 53
869 96
255 505
460 522
329 71
104 730
774 499
146 298
85 692
152 348
56 475
419 129
822 495
172 147
461 774
199 226
169 203
670 31
460 510
505 399
90 808
490 306
675 262
814 520
73 257
164 458
783 856
85 859
693 215
805 472
771 508
96 645
420 534
641 284
818 158
802 763
251 99
464 373
612 487
726 482
612 675
133 145
367 789
353 676
458 236
837 622
617 37
499 354
79 690
282 269
718 706
306 843
421 29
507 381
198 595
794 824
567 45
220 81
569 369
286 622
108 468
668 314
21 738
672 146
536 239
170 284
127 236
594 79
684 708
675 860
458 375
54 764
400 643
370 641
210 170
133 702
402 812
298 177
828 862
583 411
391 38
96 196
284 264
127 662
256 144
307 12
91 741
700 717
800 318
394 189
94 77
796 88
729 778
306 128
128 333
422 743
96 153
68 818
391 536
558 251
378 101
769 819
113 790
500 275
678 118
227 220
386 155
372 858
769 379
282 571
805 773
771 576
701 32
112 257
401 218
495 518
415 727
804 67
79 39
306 629
276 209
660 654
209 610
822 234
656 868
723 548
832 818
651 563
638 555
587 712
653 316
776 18
148 563
491 24
196 537
854 394
824 827
558 682
190 258
598 628
446 358
313 467
125 117
41 407
621 294
850 61
117 546
135 95
434 329
81 247
740 841
1 192
460 316
781 330
85 153
305 776
422 466
868 553
476 235
156 587
808 798
524 677
290 794
316 687
444 259
106 385
227 199
613 611
423 631
597 280
840 260
339 465
780 398
373 603
232 784
349 777
679 262
848 445
620 838
146 372
570 8
752 501
721 439
449 554
676 385
55 359
532 273
394 354
22 706
201 289
732 48
744 289
701 628
480 376
82 484
515 254
644 538
670 319
112 730
16 128
674 802
67 412
466 565
521 659
814 823
112 235
123 148
367 791
537 543
810 144
53 700
131 498
215 730
462 547
159 67
406 234
320 765
818 42
424 857
584 771
490 408
668 42
259 850
300 755
534 169
840 477
347 43
537 291
647 840
530 532
648 399
202 386
643 44
617 803
206 63
775 386
153 197
397 666
216 307
319 529
210 432
549 301
560 655
546 79
456 301
106 413
455 616
553 135
688 139
217 388
670 244
851 113
819 827
317 438
529 789
55 512
164 843
53 49
396 489
508 358
721 111
667 215
839 526
451 449
666 507
411 176
126 110
753 110
288 728
413 618
124 227
754 388
648 19
754 102
141 562
816 666
851 38
611 378
519 285
228 257
139 531
709 72
30 70
225 536
184 224
399 728
713 719
745 72
510 354
723 484
524 646
56 79
783 476
720 86
793 768
300 484
763 132
552 335
818 776
764 391
33 192
285 794
375 711
211 653
685 555
357 255
725 661
176 868
41 405
46 558
6 617
840 703
341 189
147 280
608 394
643 691
756 40
468 69
451 7
344 203
389 34
252 696
637 166
757 382
37 746
395 747
282 378
807 76
624 641
582 650
44 486
158 728
21 223
517 455
28 347
810 151
14 169
217 406
142 694
12 98
453 176
727 555
869 455
138 492
805 371
501 574
694 169
122 126
609 419
234 33
537 28
505 501
543 85
738 763
100 235
605 369
30 33
677 176
501 763
465 490
673 589
431 205
572 384
137 73
824 260
337 450
475 740
792 290
396 765
865 93
154 18
272 103
201 71
666 239
644 711
552 553
60 337
647 239
75 741
340 501
799 814
731 147
509 257
407 43
832 522
793 584
245 263
744 549
28 862
360 857
373 830
396 271
337 134
522 369
188 784
336 584
812 537
809 567
547 324
78 175
742 261
161 477
479 161
741 648
493 29
459 208
102 425
669 95
556 110
211 61
421 779
474 182
384 109
227 395
26 101
410 196
746 161
264 81
176 819
653 319
742 817
314 532
214 724
473 560
470 247
715 235
421 843
576 216
41 697
338 263
261 710
809 80
597 479
625 406
646 504
280 813
521 359
240 103
235 749
461 417
327 718
10 190
280 829
822 440
701 264
128 212
140 557
402 635
345 248
657 62
300 751
724 157
212 519
294 82
209 86
630 392
661 838
344 682
625 834
477 402
325 689
265 360
295 199
40 575
664 36
433 56
169 196
319 403
582 471
400 563
383 703
408 2
531 242
827 505
96 533
240 394
221 744
546 242
578 638
470 529
779 675
784 343
504 89
132 821
124 335
219 101
447 254
684 41
292 30
606 348
770 653
828 49
228 102
83 122
357 50
784 804
314 73
613 238
853 709
2 601
852 49
163 485
828 870
122 703
655 204
226 467
47 242
282 640
113 760
752 733
37 409
313 315
445 98
544 811
208 218
439 236
14 457
522 822
721 686
684 310
326 709
581 67
118 180
806 329
197 842
423 687
657 423
870 673
571 441
45 474
292 142
281 359
286 267
368 140
378 11
761 28
705 668
501 9
658 538
589 457
182 638
212 49
360 474
726 554
99 827
259 573
480 21
519 705
244 65
278 262
853 253
366 358
177 450
231 796
567 213
460 595
466 50
759 108
114 40
74 381
777 691
180 238
496 620
20 749
291 706
626 854
22 439
510 288
815 857
365 121
40 843
578 94
27 819
142 749
452 461
751 43
143 843
343 384
169 351
749 651
393 614
845 644
351 746
853 645
591 13
232 567
191 809
99 212
510 73
754 526
438 303
539 659
423 490
486 532
706 685
821 520
60 795
715 597
380 589
14 276
509 175
100 352
59 96
734 236
748 513
194 649
660 394
304 73
369 29
675 845
761 422
710 416
359 722
853 510
590 204
177 707
353 73
209 760
21 427
819 576
831 771
146 830
494 503
163 410
785 687
796 421
462 271
617 865
812 794
493 250
543 591
338 474
60 21
432 782
741 84
429 151
504 151
241 557
462 291
616 774
514 773
203 797
779 275
528 17
860 178
776 429
92 523
406 460
845 280
172 140
119 72
653 561
16 219
832 529
77 733
94 837
132 127
39 233
681 582
396 200
618 383
144 849
101 676
303 813
831 776
547 203
653 385
287 211
463 394
781 251
71 356
815 267
595 450
752 416
497 396
569 469
345 354
580 633
40 869
79 524
798 609
346 110
789 373
293 496
349 243
341 694
347 102
487 665
412 57
745 254
582 461
206 195
101 860
615 157
78 498
80 402
677 72
330 680
654 210
303 24
455 618
359 379
822 698
378 188
707 747
388 173
550 345
850 49
819 749
731 168
336 718
600 779
278 590
12 782
292 561
513 146
791 779
173 697
6 223
531 475
215 839
631 835
199 414
254 842
123 772
102 88
327 476
517 737
225 512
610 826
816 173
713 140
464 262
787 690
485 656
833 693
19 496
638 445
464 865
212 586
227 89
527 840
285 46
357 247
764 808
848 178
763 381
117 398
208 496
35 620
653 365
580 360
417 397
246 666
695 840
646 67
683 727
674 333
301 615
385 294
779 475
289 572
5 667
531 480
50 200
501 307
184 757
249 376
114 842
248 777
680 643
591 717
661 90
129 825
490 241
745 511
173 442
35 702
61 299
231 324
212 197
211 130
726 551
521 753
699 453
256 745
219 834
201 499
28 806
75 830
656 22
163 128
80 323
669 330
852 222
57 857
758 238
400 150
287 365
162 323
870 728
506 689
119 129
783 755
175 206
757 167
195 772
184 490
519 553
309 590
154 628
292 19
340 245
689 609
81 735
346 734
608 68
1 843
864 236
382 665
43 70
692 13
110 560
672 154
718 822
243 422
340 66
305 96
644 452
104 371
251 774
386 589
632 322
844 619
106 215
839 363
440 651
480 840
444 33
36 111
836 555
10 616
462 146
45 120
561 741
148 629
429 473
687 393
298 76
477 437
214 226
474 132
803 326
198 246
684 637
516 342
627 584
572 177
796 459
547 161
314 355
476 536
336 503
730 108
223 588
198 729
850 742
128 549
8 239
220 256
760 545
479 814
673 523
720 397
337 401
643 37
555 752
309 14
239 599
764 267
724 775
273 619
322 852
203 61
413 161
293 751
231 765
19 276
118 469
644 106
314 846
570 778
451 608
763 178
662 80
209 545
821 774
131 351
115 530
581 847
458 411
736 228
191 244
519 848
674 858
463 336
64 124
676 572
734 96
384 589
393 791
502 345
592 182
316 744
396 261
457 733
647 415
576 80
222 357
163 157
743 28
572 115
548 553
461 716
448 864
74 337
50 569
818 143
518 774
515 21
27 59
267 596
129 41
296 412
376 139
206 738
551 119
274 225
674 524
31 679
139 744
762 400
176 72
473 124
393 598
237 486
465 771
145 278
736 184
452 867
291 528
19 42
761 547
270 119
509 133
523 662
192 416
750 639
216 839
446 113
555 194
3 754
720 439
868 140
491 319
548 569
350 57
112 152
84 127
747 813
11 89
360 749
16 170
503 145
145 586
578 98
291 491
2 257
344 24
591 754
170 186
646 465
274 776
428 169
737 129
456 815
550 819
189 721
732 511
439 485
83 316
316 766
757 62
535 739
609 48
854 378
533 861
760 615
649 87
507 568
770 141
632 24
391 454
716 555
436 136
267 787
466 808
801 64
404 772
132 10
327 608
739 201
194 47
601 689
734 724
794 438
440 389
764 123
181 763
854 194
798 479
676 514
118 14
489 5
245 135
449 532
780 616
177 114
403 543
260 713
221 481
825 581
426 659
579 446
226 36
772 845
667 135
313 347
259 60
170 641
492 605
576 318
691 33
103 168
