1000 5059
360 14
361 384
142 714
750 287
825 964
682 967
274 600
856 35
168 544
522 108
191 155
375 277
750 597
839 945
237 638
665 913
827 760
882 715
930 270
116 781
278 532
111 60
611 753
230 935
191 844
982 706
714 429
67 937
601 182
308 720
57 711
991 460
650 949
695 210
745 68
393 895
921 487
358 12
360 955
396 156
962 346
223 894
456 4
203 528
739 674
77 55
385 931
335 338
649 532
870 171
690 248
138 280
643 605
413 444
14 646
571 583
254 657
990 842
203 52
975 233
223 47
5 961
82 542
746 675
649 481
947 328
878 74
59 152
900 562
855 144
995 929
387 852
844 735
373 296
564 736
670 651
778 711
398 424
86 466
434 83
208 39
164 867
737 618
536 822
844 855
594 894
939 211
852 720
768 425
998 297
543 989
982 87
358 584
89 351
804 165
145 992
310 442
58 451
292 423
110 806
739 309
759 99
193 70
375 783
160 964
431 68
566 220
722 634
81 196
705 931
813 66
668 938
51 935
358 938
197 82
417 273
570 457
91 877
398 667
684 851
735 726
800 720
243 909
745 165
411 866
893 570
228 143
123 790
640 627
387 664
623 694
572 542
439 170
833 53
901 318
817 353
505 39
549 84
456 88
236 926
266 189
489 400
404 645
683 207
423 624
479 981
813 42
616 250
698 688
162 919
844 298
491 350
373 666
110 83
646 102
663 744
831 602
425 567
800 80
748 426
821 11
198 347
456 347
827 828
387 906
928 682
977 434
611 536
762 347
798 160
912 964
412 842
979 293
661 547
771 122
422 89
647 528
389 341
937 694
910 148
191 803
602 13
949 165
454 974
326 531
969 544
719 429
702 96
461 323
228 82
194 862
980 929
297 208
967 569
382 881
1 51
227 543
628 38
902 347
970 475
852 113
376 426
907 710
190 976
344 904
364 395
455 250
20 309
837 932
981 862
525 593
408 680
231 624
514 690
990 89
700 172
774 369
741 1000
564 620
193 854
585 545
142 574
49 665
491 2
462 894
76 262
956 515
833 65
594 327
499 527
154 510
363 440
122 708
455 955
213 593
770 731
56 351
594 576
668 625
687 185
750 807
775 422
933 155
417 753
112 496
254 438
367 253
66 303
360 216
314 875
756 582
6 182
10 608
928 680
943 912
412 38
394 617
716 533
849 667
184 626
475 590
455 678
153 997
78 665
501 450
168 667
599 265
962 479
235 97
306 609
56 503
111 745
611 794
425 583
891 18
187 125
800 443
378 238
125 968
552 942
861 862
509 617
676 696
314 643
152 143
578 714
79 508
825 738
19 713
557 144
344 33
858 923
734 985
253 171
754 11
945 464
439 25
495 108
758 436
904 899
365 639
265 436
158 675
960 692
346 809
184 633
345 242
974 506
297 318
500 467
580 408
466 232
798 761
913 303
603 412
417 929
771 759
410 86
574 527
44 205
762 736
543 752
177 959
936 307
806 610
435 908
537 513
631 667
538 807
596 946
741 764
320 765
320 162
428 195
893 614
982 340
579 913
750 447
877 582
650 504
113 477
846 388
297 150
579 181
636 34
266 53
777 705
806 699
551 11
131 27
832 188
580 970
580 391
214 653
224 788
968 353
253 233
895 270
56 848
292 494
247 471
663 660
522 85
796 449
122 233
411 101
35 128
721 543
490 419
626 865
733 667
510 780
966 778
540 492
795 334
118 246
579 608
798 969
51 913
242 144
909 645
61 784
792 742
561 208
279 909
768 840
6 641
603 950
687 39
659 575
215 702
788 620
294 764
540 823
191 473
432 747
227 894
521 753
636 597
919 629
676 252
197 858
807 220
96 925
868 990
650 105
169 534
335 972
55 919
242 2
228 672
915 720
416 989
329 104
866 276
611 926
405 254
463 902
468 476
618 123
546 268
140 48
354 339
762 370
864 354
845 331
168 313
573 753
777 544
742 429
230 388
581 714
345 947
591 246
715 502
53 707
310 267
223 950
222 826
668 654
869 726
508 822
194 462
106 931
457 664
749 128
859 29
553 170
19 265
884 598
239 715
619 265
745 776
301 805
835 958
760 362
110 903
913 856
309 895
473 814
418 460
598 38
482 83
300 918
65 500
206 444
409 85
892 50
582 914
894 896
749 241
588 992
555 904
882 517
611 532
388 590
996 443
335 321
320 625
671 822
469 80
490 762
966 827
991 104
861 68
131 14
594 394
260 938
580 807
321 907
462 863
900 434
410 833
125 457
912 279
538 108
758 178
874 420
462 533
962 712
121 610
983 838
695 569
698 271
534 436
285 894
784 523
813 877
957 648
797 542
671 229
358 288
802 692
474 936
606 881
292 284
928 32
593 492
741 982
174 959
689 688
771 788
373 639
68 256
969 262
640 246
768 955
988 209
950 536
802 246
989 627
5 391
941 37
772 478
161 442
603 522
285 951
343 960
534 648
623 425
394 578
738 932
481 660
671 919
299 265
29 434
748 814
175 753
489 15
272 94
697 664
806 74
535 648
555 131
556 856
522 533
816 757
670 765
981 208
566 257
823 376
311 914
992 828
555 16
687 613
832 981
82 204
599 796
265 917
195 74
415 848
344 751
201 170
774 651
478 985
739 275
478 325
26 330
686 163
29 612
122 499
729 764
435 739
552 323
257 732
991 50
372 97
886 497
689 907
46 685
425 269
912 246
14 481
288 688
805 885
91 766
735 756
876 833
313 680
813 863
133 34
172 10
316 972
948 278
696 359
303 267
365 388
791 279
426 825
43 829
886 568
778 312
963 764
31 567
674 889
749 286
626 981
456 16
224 115
412 547
759 414
459 681
853 256
893 894
213 929
988 86
1 196
498 964
882 839
846 428
802 38
318 414
102 347
304 494
580 80
970 978
153 480
490 572
53 83
719 554
824 677
184 776
316 267
8 129
638 519
924 407
856 3
647 423
803 424
515 722
311 992
886 85
285 329
637 937
242 319
116 498
927 444
768 896
751 215
327 122
518 220
461 794
64 716
980 903
692 92
485 762
325 920
470 221
328 710
381 825
935 630
405 547
884 110
403 894
192 822
817 550
636 766
729 388
91 935
604 125
506 883
127 430
880 808
58 732
721 831
459 864
336 790
960 267
154 171
793 830
176 244
340 229
158 505
241 911
40 334
150 151
688 902
905 84
887 273
121 293
892 649
554 278
682 565
274 710
663 160
655 234
701 536
975 996
444 250
138 131
670 952
30 544
128 763
551 789
537 388
76 736
557 57
335 64
227 434
502 677
49 17
782 641
967 997
744 590
471 411
846 41
683 643
499 331
741 200
111 71
891 890
819 201
378 923
231 591
215 74
698 567
880 958
963 139
117 510
205 62
962 429
407 565
728 141
69 379
570 955
16 659
893 683
343 116
516 523
521 935
294 115
956 466
119 415
122 858
891 600
892 759
288 384
382 648
143 362
942 232
700 629
826 680
633 308
172 925
1000 38
287 531
837 247
927 192
125 923
869 251
884 822
152 220
437 190
745 854
597 663
138 83
999 39
378 930
243 481
472 419
75 315
37 923
385 426
421 993
762 12
10 105
728 713
916 957
140 847
98 430
469 442
473 68
734 110
791 764
475 815
776 863
924 614
701 305
366 642
946 573
728 632
214 711
855 591
677 443
608 451
639 62
774 421
23 281
939 496
42 166
374 55
962 378
621 707
56 592
416 481
416 690
832 299
297 523
72 738
373 304
874 698
869 297
585 248
454 30
146 961
681 493
537 176
719 109
59 692
741 997
717 849
318 323
692 657
854 58
696 527
133 925
948 989
733 65
440 920
810 52
352 703
920 524
884 265
778 450
636 230
548 246
783 155
678 562
467 959
884 661
378 995
596 927
171 188
364 120
550 667
733 867
807 476
602 379
266 267
494 354
243 917
482 528
459 551
893 562
32 826
69 16
803 333
986 567
471 630
383 752
864 220
187 646
774 190
461 678
735 122
246 841
690 646
427 500
741 808
12 176
167 592
161 779
71 855
147 789
528 680
11 189
172 430
445 8
411 463
604 64
396 25
986 796
770 705
254 651
916 394
41 395
242 115
32 935
760 87
78 942
707 944
415 785
791 866
37 614
586 896
401 869
517 703
739 761
3 84
186 481
773 875
498 856
962 542
283 499
357 88
383 959
461 407
471 310
34 45
272 762
989 88
130 322
310 651
521 517
631 303
297 646
119 903
20 866
449 738
216 809
360 920
507 276
153 444
893 330
456 620
271 276
611 788
370 36
100 151
960 12
591 932
984 402
31 919
750 910
161 586
606 452
329 115
682 508
721 644
958 763
900 525
320 736
531 699
704 480
121 548
782 510
344 912
110 871
988 950
40 767
57 199
511 300
313 276
26 830
336 309
689 665
578 892
299 981
428 349
504 86
638 978
216 21
161 353
269 704
934 754
77 653
226 151
79 217
279 124
203 78
410 714
891 662
837 600
580 270
969 330
341 914
734 753
992 549
130 769
846 814
459 536
828 83
934 830
249 393
194 849
269 332
969 659
770 796
254 693
536 124
801 730
919 843
41 840
280 528
812 281
117 253
797 107
995 493
621 860
142 666
949 997
343 442
53 139
91 840
397 434
384 616
683 12
538 844
758 894
646 779
365 566
150 122
142 793
670 972
159 452
445 659
409 315
844 25
868 257
791 937
186 255
436 811
122 785
412 429
506 432
89 643
943 156
142 237
882 295
422 265
352 128
891 726
624 94
851 166
43 682
102 609
431 565
142 696
548 667
381 993
754 381
666 766
403 515
377 449
184 486
456 612
182 815
565 909
17 569
803 408
553 26
51 689
864 154
755 486
515 669
38 68
685 860
34 500
597 934
566 105
103 85
143 391
607 963
79 175
118 926
117 176
691 703
627 865
214 350
930 124
626 464
198 787
169 726
421 717
121 207
884 206
940 325
219 632
771 905
871 784
876 163
343 940
343 475
568 660
385 255
792 681
182 995
61 423
623 443
748 653
988 342
606 925
348 610
868 277
684 575
663 629
831 824
23 879
542 677
119 545
834 431
546 696
472 548
70 560
109 86
398 956
58 270
497 873
134 252
742 865
352 180
122 476
250 706
814 246
768 70
237 871
970 731
184 322
938 544
444 185
981 83
692 825
940 523
837 964
120 208
656 15
273 124
81 37
534 443
954 323
132 815
97 27
600 577
317 348
775 402
157 801
374 553
56 200
15 41
127 616
681 152
203 332
792 362
444 632
208 332
705 2
409 48
928 378
412 11
768 51
599 671
236 396
458 780
883 430
441 609
259 95
762 68
264 423
215 395
340 402
612 381
803 81
343 376
363 19
678 334
55 420
344 720
866 531
278 88
43 766
317 958
662 262
360 181
344 226
915 479
346 978
81 759
685 958
444 295
155 73
636 473
545 961
837 200
127 903
696 798
681 752
561 200
147 171
654 144
138 890
234 326
928 674
758 401
425 963
227 331
962 33
398 950
581 646
358 697
116 124
345 33
272 724
555 792
212 482
314 589
739 849
168 773
650 393
463 625
834 103
135 323
856 723
450 496
434 559
398 196
255 14
40 992
855 862
839 93
208 694
266 699
410 944
520 614
219 496
272 88
116 594
74 220
153 756
180 86
512 144
702 332
596 983
260 892
44 65
581 462
125 506
488 843
633 480
803 971
994 410
754 39
662 932
440 227
626 656
336 954
758 861
136 252
616 465
26 167
302 130
345 956
948 432
161 834
753 229
145 520
475 257
864 789
756 182
41 244
888 486
854 783
49 673
448 583
431 609
214 339
948 234
414 881
882 213
658 945
494 195
663 699
758 639
802 524
264 239
351 484
546 423
721 746
986 411
508 318
305 993
75 610
44 128
701 810
43 950
559 499
135 964
121 731
858 484
742 956
455 189
302 793
421 392
633 257
478 524
609 386
856 562
266 465
430 446
587 642
135 759
610 609
187 784
512 54
311 549
264 754
456 582
493 706
748 92
358 40
833 306
755 178
879 713
463 35
387 237
637 170
952 771
432 370
71 933
504 108
425 632
231 521
462 919
930 381
606 303
459 206
240 100
611 522
316 73
942 824
212 532
212 414
431 493
957 14
802 589
832 533
215 480
276 267
296 629
383 99
590 73
973 127
296 634
260 75
173 790
350 331
526 753
814 34
599 304
319 530
966 38
894 707
870 399
291 72
827 83
857 85
683 704
255 659
343 582
416 840
988 409
89 760
398 701
536 180
428 86
314 245
8 333
371 563
523 414
37 632
412 858
803 544
786 964
229 128
606 278
218 767
58 776
344 552
650 897
656 942
617 562
529 761
320 3
211 549
891 732
214 832
335 709
143 502
249 377
901 747
871 27
226 776
354 309
798 942
193 113
319 90
928 12
51 664
785 547
327 703
823 730
628 520
310 907
611 391
294 977
387 115
585 488
529 756
817 146
625 124
526 273
6 76
857 766
159 359
197 944
695 81
218 896
294 459
485 612
795 646
651 730
907 97
947 493
91 450
953 291
827 131
682 329
59 253
96 730
631 307
44 367
816 618
194 969
982 91
90 790
415 208
865 847
534 123
204 255
313 923
461 786
310 339
835 80
211 842
655 997
306 244
343 274
842 2
551 419
458 677
187 729
315 309
320 654
227 586
599 733
691 356
469 381
911 188
491 833
254 767
859 198
827 478
42 634
203 2
81 717
81 144
623 161
852 785
869 989
691 405
331 929
839 245
416 693
91 475
883 957
330 7
537 165
422 609
258 990
688 23
372 544
603 420
15 722
608 809
110 212
676 640
60 83
759 569
758 547
29 583
284 190
485 336
224 429
316 128
236 825
942 590
324 747
673 7
942 480
652 618
633 967
530 136
218 104
110 54
582 680
874 246
495 918
848 944
498 355
18 336
279 860
526 996
655 128
676 27
140 342
753 885
184 600
310 679
60 499
757 464
886 11
101 961
814 578
302 759
455 831
520 548
180 123
731 794
491 17
193 698
404 760
348 809
814 327
427 810
619 726
49 130
530 752
67 225
552 879
550 790
440 513
457 933
884 655
593 731
685 704
392 740
373 142
411 759
28 639
305 531
937 84
111 949
203 444
396 863
884 235
297 183
833 466
100 524
304 199
341 688
396 330
4 497
501 390
661 109
537 380
208 486
611 152
276 634
578 989
551 685
9 462
482 860
930 48
998 875
910 505
839 301
949 162
821 669
239 267
24 867
205 679
228 854
117 517
939 814
814 334
1000 134
260 99
817 955
433 718
802 388
417 447
364 533
698 341
534 386
537 414
11 644
675 356
135 902
371 221
305 991
970 22
93 429
610 889
402 338
28 330
868 20
798 166
449 418
69 452
582 978
895 840
717 935
20 565
865 429
258 382
829 74
868 686
262 414
834 55
265 562
461 342
202 921
505 609
859 638
288 516
816 809
241 754
32 122
477 976
656 874
278 163
406 84
227 66
941 567
102 487
963 598
602 442
966 124
454 288
771 565
442 895
350 156
288 663
890 708
541 664
586 443
911 144
344 906
715 70
435 629
240 401
239 972
554 326
404 25
207 887
775 122
335 212
565 450
546 661
709 423
748 569
819 667
770 45
739 396
176 978
874 137
32 508
543 839
142 113
485 905
952 61
56 498
937 989
187 856
956 74
683 642
953 959
372 683
1000 329
125 793
51 706
437 895
997 103
566 744
716 811
581 431
129 577
37 257
863 62
459 281
846 855
719 861
852 122
564 855
697 665
954 338
245 569
253 62
91 399
718 270
974 70
375 485
869 246
138 798
8 895
285 483
413 281
877 287
787 971
534 181
791 959
644 541
738 464
529 460
814 204
981 257
982 257
363 924
589 210
327 761
753 738
344 945
700 495
638 781
363 495
979 288
391 502
599 77
227 396
213 45
837 1000
846 256
283 419
77 931
596 949
261 44
28 150
943 810
709 45
862 847
986 926
897 646
219 203
383 464
831 355
169 901
398 832
940 41
906 765
744 708
963 216
743 887
698 166
893 411
586 625
428 839
365 911
595 901
500 477
608 976
857 788
89 207
966 667
778 923
186 498
440 490
14 439
458 660
901 478
151 446
318 954
373 250
709 805
102 989
621 89
511 462
436 545
408 499
291 382
572 502
898 887
684 946
46 782
887 229
280 386
707 509
391 971
358 314
412 825
585 95
255 993
754 918
538 852
280 124
981 613
365 657
359 903
214 453
678 176
161 370
470 484
79 29
40 637
567 519
827 382
313 866
226 393
192 680
580 94
816 241
531 41
948 953
695 874
982 500
721 605
412 370
850 123
427 726
47 262
24 274
586 500
434 841
806 411
631 880
458 765
365 863
114 86
261 904
665 70
389 105
839 349
344 614
733 863
935 210
721 895
421 558
543 388
889 347
145 452
67 582
885 932
782 323
514 997
877 959
344 533
920 379
590 694
717 790
184 958
311 541
701 799
460 718
778 81
154 794
410 384
454 905
982 410
434 420
387 331
855 509
915 352
184 760
24 845
517 139
998 460
152 993
725 945
230 335
431 113
967 532
456 835
494 322
254 687
514 265
404 536
314 215
135 423
569 873
784 513
875 23
358 889
514 694
678 728
454 205
916 194
771 679
919 710
898 4
8 997
43 979
191 299
490 497
216 840
268 257
606 195
258 459
826 221
466 509
886 115
869 25
580 76
503 378
897 93
102 849
897 382
164 41
684 341
615 736
317 957
389 153
433 541
121 282
568 613
71 798
44 510
879 995
375 907
67 935
46 521
639 544
505 873
604 632
418 711
551 163
737 995
259 262
149 256
371 349
816 510
580 36
653 858
924 895
305 692
303 929
714 277
806 674
425 282
296 49
775 221
100 95
462 861
286 353
456 464
110 613
401 167
75 72
283 156
385 539
666 195
189 533
890 642
870 99
963 415
511 81
417 828
54 523
74 256
259 550
75 217
681 902
222 408
758 803
154 85
851 873
130 515
581 869
910 805
171 967
602 855
416 238
95 761
308 609
311 919
418 336
150 137
226 54
615 560
816 58
10 65
321 746
982 142
343 664
587 211
988 211
950 542
827 544
534 660
791 542
203 862
905 143
836 690
801 366
387 795
1 517
145 920
675 486
739 166
462 930
364 165
834 805
210 190
266 675
919 180
689 969
271 68
383 338
261 328
314 695
631 438
796 515
690 58
851 739
305 419
417 678
15 7
660 275
610 439
383 630
865 993
721 841
522 284
776 559
796 280
451 694
132 413
768 744
983 624
216 402
877 931
719 603
988 170
739 651
828 840
329 590
538 304
870 130
503 920
555 63
801 682
469 209
503 342
555 678
289 361
645 190
773 905
222 260
243 828
542 613
210 185
870 304
263 524
341 860
814 782
749 506
469 541
998 27
19 834
666 270
5 213
354 2
31 350
562 104
28 199
474 674
910 823
485 936
234 322
607 125
827 315
683 94
954 139
461 654
462 153
970 262
690 573
675 917
551 912
316 179
348 731
991 355
498 94
43 844
790 465
9 972
261 563
230 36
195 450
591 7
14 688
127 105
399 212
506 643
510 713
901 205
336 727
101 654
136 542
837 706
357 175
105 465
741 410
417 395
801 246
218 589
336 476
955 246
405 366
7 181
746 708
49 444
378 919
125 52
787 923
223 616
437 675
517 270
367 550
832 805
246 872
797 195
176 334
408 692
731 156
568 635
698 463
102 362
59 84
991 807
459 253
890 480
214 32
894 54
550 148
1 616
439 865
868 597
594 181
813 84
782 614
71 561
348 318
31 427
814 674
458 522
701 137
539 341
337 52
227 981
284 981
374 516
326 866
489 369
309 971
71 732
14 482
966 865
121 299
619 484
897 880
381 863
402 763
809 73
901 792
647 958
134 178
29 589
42 444
656 220
844 174
239 364
4 39
116 300
168 583
962 370
47 131
66 725
817 903
967 50
309 931
682 430
314 843
720 743
116 339
775 17
29 879
410 659
709 450
765 720
219 78
215 516
683 432
771 889
774 203
724 769
348 688
174 877
163 139
127 183
237 488
853 341
828 250
539 501
350 338
317 432
581 478
862 523
156 575
656 581
345 785
568 679
611 447
553 738
949 50
195 708
58 438
313 166
403 731
26 937
153 807
537 338
390 409
520 7
389 214
379 165
842 257
364 124
241 625
40 431
612 576
921 298
960 854
886 153
130 108
265 559
900 589
564 993
949 482
805 429
844 61
594 893
538 670
130 312
415 840
925 964
135 153
947 180
641 865
162 753
696 500
509 166
222 335
132 518
921 68
298 359
835 717
579 778
246 630
599 471
268 88
587 992
154 567
828 52
826 689
539 392
133 545
540 999
49 147
910 352
599 722
194 250
927 380
123 954
472 968
91 443
623 578
236 832
438 396
546 573
705 388
848 738
29 865
909 359
819 652
452 931
915 896
861 25
310 842
883 52
862 25
885 718
851 248
870 274
175 162
234 103
17 192
34 946
695 776
348 694
294 912
459 32
919 35
650 565
43 673
689 598
118 808
600 87
998 438
321 255
938 776
676 314
290 981
454 302
511 796
702 442
892 763
920 238
126 747
9 866
49 320
947 561
983 776
303 703
289 868
454 547
218 552
183 613
611 51
205 392
758 422
445 804
921 7
49 465
880 40
801 639
654 907
434 64
624 331
110 383
791 874
511 114
269 210
8 480
870 277
817 753
812 45
219 17
34 899
167 706
215 843
437 70
572 858
222 313
223 437
573 954
816 483
554 883
872 996
100 989
377 688
290 382
622 124
145 202
553 725
242 914
886 473
939 29
685 102
279 293
907 52
11 123
858 103
785 333
490 477
450 362
237 170
240 748
594 983
779 889
814 48
100 563
11 200
748 570
712 480
626 340
992 406
534 809
439 181
628 603
939 654
762 618
734 575
283 937
982 127
231 823
920 442
698 452
417 2
757 899
749 559
352 335
242 418
977 74
194 747
157 533
543 858
431 545
530 167
803 31
180 487
56 760
589 562
952 687
721 77
408 576
245 429
834 209
156 965
440 504
707 447
345 670
735 711
345 504
335 699
662 246
388 605
79 641
427 573
392 617
762 360
66 13
893 706
379 62
322 104
302 918
735 896
898 900
864 908
939 304
522 872
410 436
230 29
51 861
656 521
159 19
821 828
841 515
389 728
167 516
81 232
828 783
5 922
979 270
525 211
604 497
525 493
559 577
198 879
508 262
552 207
882 25
916 253
661 788
422 978
204 865
833 524
133 427
594 299
698 890
25 713
983 322
540 934
289 178
906 295
421 480
518 210
170 87
31 504
979 309
240 835
558 576
585 301
452 903
70 338
626 899
456 450
113 103
58 183
593 992
120 634
168 906
174 923
581 697
411 505
604 257
531 35
364 944
802 521
682 322
793 515
223 416
391 246
827 487
13 165
564 951
526 351
857 209
79 602
567 625
252 541
806 609
588 556
194 557
828 584
596 39
817 985
946 425
825 694
802 734
900 458
666 469
440 26
482 137
47 35
661 885
788 608
661 137
537 288
609 35
973 498
846 941
631 250
770 664
905 103
24 818
877 902
241 879
842 862
495 985
258 754
95 484
795 879
117 92
101 871
154 959
321 996
210 872
213 62
470 617
434 838
329 926
236 779
975 515
440 97
258 613
939 121
650 675
423 759
357 21
263 244
798 972
32 315
964 476
177 63
308 88
511 627
242 859
784 124
975 74
812 664
317 193
906 990
875 347
732 736
223 278
880 51
91 969
772 993
202 732
455 770
739 72
40 234
722 307
928 684
101 482
489 136
289 123
578 362
653 565
437 542
666 311
702 497
578 675
81 505
9 356
282 10
817 525
589 257
837 962
90 925
125 976
109 299
823 932
295 841
223 872
352 474
177 613
483 759
428 172
451 971
341 355
122 648
117 613
237 135
854 492
205 94
880 507
80 531
699 781
887 312
482 708
623 945
572 629
72 856
368 312
56 39
734 370
647 845
4 975
442 182
631 823
100 475
599 995
599 302
851 766
490 218
823 763
537 616
58 818
884 593
314 108
461 971
133 382
828 575
111 572
78 72
912 575
882 576
398 679
296 99
394 772
832 486
206 929
941 466
473 12
13 873
766 185
77 173
324 929
314 653
678 101
324 518
772 669
574 769
294 22
427 997
11 863
543 526
819 17
512 269
380 534
629 362
939 934
791 378
59 545
1000 176
302 567
943 638
6 984
586 808
551 885
953 222
721 398
158 602
22 300
845 429
9 150
689 33
197 301
1000 873
652 413
494 106
586 955
659 793
271 467
771 176
412 369
757 524
752 92
354 923
98 881
994 220
9 698
321 888
621 823
820 342
363 229
787 464
475 482
659 381
183 718
442 740
260 432
585 612
474 256
749 976
768 483
821 787
66 433
257 244
594 746
974 875
208 784
448 303
29 286
468 802
966 767
456 703
109 539
58 392
121 331
296 541
154 42
762 199
525 233
304 499
636 748
683 331
473 330
511 533
644 713
831 969
758 748
138 435
551 798
160 711
433 415
285 726
162 608
363 218
682 692
662 486
314 336
407 977
761 323
750 907
286 449
125 359
343 223
953 708
662 763
539 569
324 372
290 189
434 50
142 29
336 889
449 680
219 680
869 114
720 467
740 959
994 369
367 753
5 286
243 831
869 388
887 549
249 446
394 775
324 434
750 505
823 477
570 867
307 2
457 220
75 467
441 378
518 651
79 424
118 40
150 298
528 980
357 54
118 764
883 21
768 797
831 590
628 877
792 393
884 313
305 731
633 196
711 163
411 818
543 997
926 677
324 813
309 617
481 451
114 188
422 549
99 487
523 178
546 923
803 154
432 108
285 902
197 804
329 987
237 834
435 205
24 219
172 64
363 813
299 467
194 511
587 541
415 632
998 90
623 996
187 521
957 229
43 934
100 618
920 381
748 737
782 549
363 476
254 905
365 634
241 97
277 744
495 417
462 225
222 730
950 390
230 77
967 790
264 276
783 708
934 878
385 2
928 881
175 677
498 995
742 488
389 848
449 453
174 388
285 84
566 560
54 613
939 627
237 390
755 592
37 692
630 818
59 964
746 830
580 661
212 323
67 305
304 45
51 523
900 605
750 704
791 351
219 154
238 528
666 410
499 784
595 871
689 779
122 41
394 50
412 866
345 544
696 376
687 527
795 252
375 499
106 62
469 122
696 487
326 102
844 743
186 246
49 600
280 708
95 722
248 825
689 245
240 864
621 573
965 128
762 192
948 517
277 496
737 225
591 250
246 515
812 245
832 731
227 441
869 586
191 135
67 310
844 889
324 612
897 686
291 318
238 959
699 592
791 771
759 789
261 410
387 851
501 624
906 864
948 350
191 675
984 139
715 40
676 30
668 82
866 764
958 565
227 663
814 569
499 861
483 105
413 565
433 276
750 699
343 227
473 64
76 251
690 15
816 280
762 115
950 433
765 390
51 351
17 275
796 712
248 481
557 47
774 217
376 409
653 81
757 712
552 124
523 996
534 353
898 782
294 848
557 64
440 46
10 584
100 519
218 486
319 808
292 627
801 919
125 521
109 388
293 818
705 360
921 615
294 675
975 11
741 436
897 659
12 189
512 510
253 644
916 174
490 131
733 69
377 865
58 463
459 487
994 701
223 29
310 189
725 896
702 108
687 605
286 738
692 609
126 808
538 954
347 362
661 767
39 112
564 747
461 584
107 476
462 404
9 888
746 662
157 804
800 129
729 855
659 680
751 66
950 674
19 267
990 277
739 909
316 586
184 444
137 694
543 506
636 968
160 753
389 584
878 629
883 448
58 144
257 914
868 673
813 405
49 998
869 862
449 386
136 106
883 677
827 360
992 531
135 368
721 638
418 21
61 278
227 95
924 47
892 347
982 902
197 202
689 672
905 903
990 141
520 825
387 175
786 318
724 57
485 465
13 484
324 388
452 209
273 52
94 156
459 250
169 107
813 200
852 808
416 421
529 507
655 144
552 682
307 830
483 913
880 17
751 827
57 368
735 925
511 392
831 873
26 279
75 273
231 460
928 525
963 715
303 865
363 503
380 463
509 738
343 386
827 30
59 453
810 747
540 268
743 840
597 845
829 541
263 457
102 627
931 199
431 86
682 933
1 921
861 307
721 640
539 409
208 477
134 318
227 480
211 674
602 299
719 896
291 135
735 446
19 449
241 174
934 449
494 669
13 93
116 877
544 929
407 62
389 607
726 151
980 726
485 40
582 971
306 504
419 638
935 185
419 629
797 90
650 597
773 536
688 911
449 42
527 467
158 153
676 500
868 280
461 326
780 92
495 312
171 30
834 754
542 35
945 477
247 85
490 938
341 930
160 402
821 488
126 278
806 931
879 166
483 281
494 565
225 39
98 303
681 350
924 999
390 122
66 411
245 954
639 92
859 791
569 496
953 478
765 408
132 274
813 932
558 210
317 181
737 209
740 21
982 882
46 987
626 905
289 61
662 124
147 618
223 533
166 847
374 696
264 398
690 333
749 152
783 395
411 497
61 41
916 609
938 428
573 971
242 303
635 977
582 342
398 943
269 788
236 329
734 216
665 669
596 951
498 246
78 959
264 770
225 21
390 383
495 402
343 670
283 96
898 119
165 25
67 45
79 50
149 783
154 592
854 545
898 842
450 315
986 210
514 135
474 437
344 928
701 723
208 233
518 504
635 300
905 610
415 342
343 149
953 526
98 181
855 139
771 165
724 494
485 808
564 90
214 761
488 408
568 594
471 892
767 944
259 993
354 545
6 350
751 203
213 362
901 130
512 862
586 535
289 754
880 883
46 134
184 405
665 476
21 627
981 307
759 307
65 760
579 185
981 885
534 932
305 74
998 17
672 256
273 862
329 265
937 828
259 671
629 516
540 225
389 437
887 769
821 426
558 920
236 575
655 766
883 968
900 740
168 621
938 548
62 163
941 537
546 981
139 92
413 917
782 978
677 334
553 304
365 274
772 86
404 72
171 888
371 586
136 432
28 230
49 356
656 140
450 560
641 632
626 547
844 187
525 209
610 351
96 270
645 716
631 349
243 516
941 165
837 687
253 781
898 549
265 362
684 713
518 912
133 808
389 777
853 367
160 922
589 353
750 371
60 873
202 194
113 862
40 74
956 104
806 987
265 331
747 847
237 682
806 3
910 752
883 200
573 209
941 835
685 503
107 457
483 141
854 987
817 669
286 23
948 875
237 571
471 692
771 287
937 592
111 413
475 787
849 185
723 630
478 542
264 625
759 452
408 70
589 452
60 974
380 965
219 922
626 334
20 22
385 44
774 582
685 153
960 499
300 262
891 102
375 471
983 980
160 70
930 995
54 968
974 724
594 213
404 96
170 355
667 547
101 872
804 370
696 690
750 485
217 45
474 375
629 406
989 340
720 200
259 980
405 708
557 571
705 466
404 341
228 503
211 25
140 414
51 598
316 906
622 163
472 502
837 483
700 889
595 954
95 865
973 854
316 626
567 148
454 245
817 348
1000 588
801 483
586 198
899 533
407 99
919 590
683 577
150 359
405 997
285 499
302 899
843 964
394 234
30 402
913 964
514 26
860 818
699 961
593 704
868 968
380 233
136 470
11 617
601 134
157 53
819 302
91 330
203 742
48 256
779 481
101 922
922 486
389 541
666 82
69 521
188 509
596 532
127 674
458 48
167 333
596 833
154 476
136 841
230 532
602 94
656 725
16 692
266 690
404 143
956 307
760 180
871 277
66 147
656 778
527 2
639 265
191 678
489 693
272 392
494 449
646 766
386 87
831 205
689 918
731 210
526 206
601 322
360 635
705 681
456 196
20 973
29 742
701 380
423 847
578 233
771 783
14 199
1000 555
554 290
510 993
930 353
456 414
365 60
700 692
4 790
4 355
939 245
158 367
299 793
945 657
197 101
859 442
551 917
806 359
572 382
4 933
401 903
762 675
691 322
48 929
855 99
912 347
569 923
269 96
697 308
572 794
117 717
685 736
95 439
823 842
110 683
67 322
230 10
506 667
601 273
197 112
119 243
254 820
58 221
977 351
740 794
743 542
529 300
346 944
882 468
647 166
700 248
576 961
511 521
791 426
357 971
982 753
490 618
548 497
905 848
597 423
169 921
455 68
666 420
168 83
636 500
100 402
282 199
212 786
156 103
595 469
125 464
793 513
915 648
695 403
661 303
403 710
224 564
8 922
285 675
301 442
246 665
357 376
505 922
514 736
337 723
1 390
826 778
884 146
426 925
482 625
157 795
874 287
231 451
195 738
422 925
761 429
438 699
607 563
422 618
521 182
367 488
321 136
475 534
125 376
298 976
751 211
385 351
884 269
869 36
962 702
907 331
854 141
656 585
235 735
70 97
751 64
647 558
828 622
149 670
23 270
111 42
888 790
619 184
915 892
231 54
214 234
162 452
110 957
805 867
518 498
280 7
505 909
316 737
761 41
714 431
820 565
986 990
754 531
717 669
846 85
702 340
117 497
962 430
541 370
138 585
734 336
732 722
89 779
271 888
790 781
664 220
921 978
459 63
297 355
584 995
635 166
618 146
191 460
302 195
921 918
568 109
235 27
773 321
473 674
241 304
439 888
105 728
153 860
596 240
10 767
138 815
709 996
853 655
317 931
260 970
252 605
595 852
272 515
580 72
438 432
277 648
242 218
316 693
363 689
831 93
211 451
32 356
321 141
452 889
490 118
218 147
175 350
348 563
206 672
274 887
886 55
942 848
91 733
28 349
158 501
915 237
252 201
676 571
107 707
239 262
920 408
186 299
960 639
960 381
791 432
263 22
691 180
839 788
643 232
787 210
521 723
9 383
773 420
522 16
260 527
196 841
10 307
637 981
488 692
372 693
435 172
714 201
493 83
130 15
739 903
219 701
975 783
222 656
780 85
378 942
948 499
841 660
364 704
606 835
359 632
511 78
241 11
539 620
403 95
638 648
701 428
656 90
734 452
162 271
127 190
161 591
147 340
240 50
354 221
862 722
263 929
984 433
5 267
291 756
456 714
240 220
555 320
314 744
133 437
454 924
529 368
305 987
768 834
878 86
426 351
37 484
422 519
757 53
758 790
261 70
850 402
28 316
411 172
286 968
345 570
676 117
745 59
222 254
94 843
687 549
501 45
637 560
857 330
880 536
490 139
326 72
555 869
304 877
49 395
421 871
336 541
650 76
941 112
82 634
746 527
506 388
690 679
379 657
177 918
750 896
820 80
398 756
992 899
555 185
774 847
896 83
561 37
778 549
603 827
416 182
655 937
599 189
826 809
719 193
773 878
44 447
193 679
837 118
571 468
784 467
876 873
894 627
1 276
628 848
816 529
437 889
629 244
958 96
970 964
318 334
651 584
770 891
121 888
340 545
732 694
90 290
606 310
607 214
898 758
791 442
364 785
542 57
138 278
601 854
599 487
285 48
869 533
345 874
836 396
626 685
471 848
844 462
973 558
697 863
705 507
908 627
913 115
489 974
495 101
795 163
595 702
62 486
283 570
883 284
318 575
63 50
197 208
768 308
754 654
203 645
934 767
645 429
791 322
633 839
241 659
227 841
67 764
263 895
674 930
820 172
198 113
473 163
805 610
663 502
702 475
357 990
804 515
61 295
227 515
691 144
987 300
697 185
436 907
60 564
601 546
974 609
171 788
81 300
64 484
743 156
946 872
799 414
603 764
777 833
804 767
570 14
994 425
498 386
633 18
820 226
378 21
890 246
650 26
123 70
285 811
144 790
403 845
642 931
785 779
861 932
78 738
901 554
779 307
118 629
546 538
945 722
350 738
888 815
217 980
816 518
973 4
591 629
260 14
79 330
390 926
337 802
546 960
946 477
943 765
530 723
158 272
357 252
745 229
823 492
240 653
442 780
421 680
492 477
410 678
670 143
786 340
658 965
785 615
863 267
934 256
717 144
539 720
689 662
13 256
212 105
361 312
986 211
724 509
54 190
845 225
311 94
421 383
204 577
729 756
402 155
528 104
485 274
566 339
149 499
736 139
543 221
4 534
132 56
831 532
19 476
9 819
621 411
566 180
897 982
242 857
956 669
719 867
336 648
445 981
194 618
376 889
529 341
142 815
783 807
596 482
721 891
666 467
6 165
523 13
514 341
548 442
801 537
309 513
293 967
607 624
404 875
168 788
560 961
741 473
924 148
900 253
47 402
213 75
52 402
584 52
953 534
702 460
738 925
117 90
407 810
752 35
928 409
309 722
749 422
676 980
783 703
697 204
474 354
682 469
666 377
442 331
868 534
79 914
99 189
979 727
548 789
798 818
378 108
692 763
109 449
735 104
348 510
791 842
773 147
805 306
262 481
816 8
393 809
671 154
103 185
251 16
215 451
269 92
939 465
770 963
680 146
596 206
422 684
79 837
460 713
264 420
526 246
69 740
968 48
490 843
205 945
1 250
934 929
11 351
276 865
258 820
260 251
243 805
119 788
782 96
485 800
604 384
344 961
363 500
625 923
183 856
421 8
222 998
522 415
960 726
831 38
686 362
335 632
709 933
32 308
674 680
427 453
603 570
882 433
384 972
79 733
225 614
317 216
372 576
605 954
489 908
700 853
938 644
243 326
318 276
728 306
943 245
410 835
168 934
927 954
161 754
398 570
75 84
628 486
719 969
792 961
639 312
6 433
192 808
526 253
33 706
749 12
658 918
517 971
975 181
685 517
725 99
653 136
393 443
360 669
489 401
623 644
936 326
168 293
570 920
595 510
759 281
134 420
176 784
640 878
110 306
24 362
629 542
387 415
43 858
64 48
373 42
37 922
89 739
417 62
571 547
182 181
681 423
573 113
336 38
863 613
225 406
529 588
688 326
194 136
391 614
450 62
892 841
930 244
39 103
844 932
792 205
518 600
557 563
388 309
725 451
191 640
855 178
321 537
344 9
697 523
280 256
844 366
369 7
928 765
282 662
778 307
670 381
266 466
279 244
46 47
538 109
850 788
501 888
724 848
193 792
590 847
314 593
383 517
6 444
499 210
78 370
967 199
689 917
853 191
193 582
252 442
509 420
254 818
471 792
662 992
247 981
991 65
131 792
149 190
297 544
522 542
796 57
989 680
619 542
377 479
286 995
177 669
924 998
114 162
952 410
471 578
366 646
720 86
719 303
540 365
407 442
762 423
357 961
581 764
357 483
4 861
55 30
898 518
494 95
499 605
775 204
559 99
816 899
410 54
145 641
240 221
668 402
939 625
157 179
495 521
223 500
836 403
23 166
44 156
279 280
154 148
599 468
984 947
452 828
540 211
382 334
681 290
458 208
77 879
43 630
979 69
836 602
653 533
435 298
786 402
571 872
988 890
935 790
934 794
593 932
278 286
814 435
343 892
345 581
20 629
519 793
187 135
5 500
544 362
76 362
69 284
588 856
714 195
773 284
474 729
957 541
898 327
844 578
721 680
739 217
884 473
544 532
601 339
846 867
20 423
821 995
473 781
58 11
723 446
408 972
867 560
253 181
636 934
947 638
251 93
602 815
803 825
1 835
571 276
138 456
424 513
278 858
248 965
157 444
671 497
800 273
177 85
859 964
803 883
655 502
132 532
208 178
631 786
136 100
597 942
230 649
249 587
31 968
837 517
749 675
932 338
936 917
939 637
352 263
705 623
652 767
410 612
230 173
468 936
144 115
71 253
329 486
236 854
508 69
298 94
6 295
373 288
310 527
680 323
404 990
384 433
826 584
791 885
60 225
831 887
979 397
544 190
50 980
197 734
498 807
184 96
40 141
60 80
6 939
335 478
796 860
29 949
11 406
69 270
72 993
872 104
588 542
39 590
974 244
939 50
997 964
487 73
46 22
374 739
193 917
324 425
110 51
772 722
520 64
409 122
635 391
335 173
953 879
568 897
911 362
683 93
365 949
149 888
556 712
26 847
764 978
279 94
63 917
119 80
854 632
619 478
246 2
749 185
676 548
805 50
627 613
539 976
171 609
814 320
306 88
728 630
506 589
984 992
859 668
697 156
880 204
538 47
131 281
405 635
816 253
374 49
672 728
654 103
358 352
433 244
34 170
144 97
236 767
718 527
292 630
477 824
441 112
405 390
715 825
321 839
320 253
46 392
314 787
413 667
214 419
580 908
750 10
184 39
332 818
827 3
594 888
813 975
260 977
686 88
869 851
907 480
928 166
89 238
501 280
952 44
755 725
921 73
746 517
69 677
474 832
878 281
897 443
366 903
539 761
439 386
774 414
478 444
116 679
956 452
191 578
709 33
729 482
924 392
71 232
145 772
644 64
982 256
884 247
633 126
63 818
798 935
265 386
410 736
438 354
65 183
361 150
443 35
58 808
555 97
457 589
100 309
963 708
361 921
621 480
750 331
224 684
135 415
488 896
78 567
920 487
169 847
918 763
408 710
225 784
228 81
249 505
124 2
508 500
552 221
593 13
51 570
761 995
833 574
869 50
501 728
227 613
283 64
820 812
602 923
125 936
878 659
989 41
536 155
721 798
665 569
44 883
41 569
762 936
872 83
457 907
962 730
233 964
869 561
236 439
1 363
720 909
242 906
314 271
760 178
831 707
962 966
407 83
714 717
622 978
289 398
846 666
743 842
317 899
473 683
302 165
302 41
614 830
529 622
434 276
949 216
806 942
859 176
511 774
313 190
29 609
578 560
962 744
321 347
842 533
32 199
765 843
658 7
249 230
365 114
202 340
922 353
556 208
166 763
319 248
813 372
317 271
462 279
193 372
321 134
551 26
287 843
536 785
239 99
939 712
31 121
979 997
319 726
490 852
514 505
398 227
75 434
757 690
666 300
673 2
374 312
79 332
928 629
883 166
472 102
515 961
80 667
899 446
435 681
422 355
511 187
575 781
921 677
240 999
600 262
941 754
840 27
974 662
272 146
991 390
248 903
816 100
941 974
301 25
394 531
145 326
456 521
127 795
934 409
735 785
321 126
224 125
732 645
640 827
697 267
988 721
203 766
883 326
424 812
884 53
390 415
504 860
427 732
791 462
619 253
511 253
603 583
158 273
325 122
762 947
168 310
159 115
242 725
574 210
758 693
127 311
373 366
170 332
621 674
488 290
495 763
550 764
184 91
448 356
245 465
538 156
958 139
561 277
707 818
546 675
566 769
769 395
365 245
786 492
459 112
974 508
915 904
222 594
258 83
883 271
410 887
893 841
286 265
696 560
289 110
253 277
580 301
440 494
81 88
187 989
6 461
482 418
919 80
564 36
177 494
341 493
16 487
695 926
538 54
161 501
61 563
461 942
317 84
689 395
288 779
983 517
164 505
438 712
628 755
424 561
518 524
546 453
462 989
191 764
457 353
231 413
401 506
740 307
953 351
51 532
207 767
779 925
924 149
321 72
737 307
770 162
765 525
696 108
859 456
921 782
860 807
737 779
884 496
209 200
735 722
696 535
411 430
323 781
31 452
489 21
261 383
491 297
571 396
529 161
538 808
922 395
135 991
64 959
880 305
709 502
982 188
647 505
489 422
253 453
914 129
214 664
348 581
493 33
365 159
23 447
723 166
373 635
942 723
817 654
284 93
410 726
329 284
32 850
839 185
236 316
439 210
787 92
343 171
445 516
709 733
670 877
431 593
303 780
159 11
568 808
53 442
661 699
601 934
633 979
427 707
248 303
455 583
211 783
675 722
626 22
559 97
91 382
695 545
488 148
846 951
831 33
227 911
819 156
943 738
857 516
696 796
215 732
143 976
610 766
366 807
386 362
425 989
82 221
281 443
757 665
697 637
396 860
39 270
909 544
292 832
149 526
833 310
889 465
100 787
210 386
374 972
177 384
303 789
344 485
363 451
698 415
222 243
292 983
629 645
152 311
140 746
10 727
463 83
600 11
339 97
48 781
620 182
639 234
133 137
364 610
46 625
363 657
77 932
792 199
497 181
291 644
317 127
317 554
11 150
725 165
126 534
235 794
569 27
741 983
297 582
587 48
649 807
389 117
374 483
854 280
142 485
167 643
54 155
177 877
901 807
573 885
812 467
924 726
299 759
249 448
122 830
375 384
837 544
345 482
658 728
555 684
132 907
319 12
206 753
3 660
202 984
286 547
855 523
397 431
436 513
321 307
398 685
794 560
907 72
24 387
704 112
576 632
942 925
579 605
520 792
689 207
529 718
841 716
940 94
310 355
572 63
535 165
539 692
260 675
316 523
668 464
390 843
214 47
808 964
161 274
624 406
19 172
920 439
296 60
462 2
616 613
835 123
526 107
28 856
217 688
586 747
623 439
936 108
579 973
831 560
316 406
742 85
651 861
543 790
882 518
506 75
803 467
980 45
805 641
587 109
77 298
715 840
225 84
523 359
655 951
619 529
374 567
177 201
782 997
640 409
107 991
471 22
473 947
292 337
256 402
20 491
773 211
59 83
557 238
241 347
164 704
778 315
654 163
855 542
986 755
952 715
183 665
661 622
901 809
974 881
259 185
915 331
169 404
648 781
890 648
410 480
243 706
251 889
661 735
520 477
24 354
538 593
522 122
596 229
688 334
668 952
218 413
947 958
489 589
552 131
454 266
1 118
37 453
554 561
684 461
405 353
169 621
28 648
30 881
770 524
842 641
203 661
517 182
908 577
296 155
991 917
405 466
335 346
427 973
778 895
619 935
66 573
984 40
819 732
288 58
768 902
51 707
397 188
60 67
758 110
869 756
819 589
752 825
198 492
551 726
224 316
953 246
916 494
458 509
792 180
295 35
832 27
454 554
791 680
742 904
377 383
306 584
573 35
963 903
389 717
572 642
611 18
757 95
133 21
405 720
112 865
751 742
554 931
670 854
345 732
159 833
608 391
67 586
241 102
377 932
131 662
111 129
6 107
380 88
536 956
653 890
522 341
579 795
107 192
414 220
362 533
56 920
970 667
111 711
556 464
958 466
131 723
468 447
377 860
670 826
