994
988
986
948
953
916
915
898
900
886
884
876
870
846
941
836
821
817
816
768
797
758
757
750
910
749
741
721
719
700
853
691
676
658
655
650
647
636
631
628
755
619
611
606
604
603
601
599
596
927
595
580
579
568
897
982
882
880
546
540
538
529
514
512
489
472
458
522
455
454
445
412
400
389
777
607
385
374
553
373
371
365
566
358
357
352
474
375
345
344
928
751
343
940
960
324
317
348
314
695
403
296
294
292
337
291
289
868
597
686
361
285
283
268
266
264
770
891
705
623
507
398
943
263
261
259
671
258
459
551
249
587
242
857
859
668
791
319
530
241
240
748
401
239
364
236
235
231
228
224
223
416
222
260
970
215
214
832
197
193
191
640
473
803
186
184
633
177
169
901
554
168
621
823
773
313
164
161
159
158
272
157
804
801
145
202
194
511
774
421
369
557
520
142
485
800
696
796
690
666
377
138
456
133
437
132
518
912
120
119
243
831
117
116
594
983
893
394
775
422
772
111
745
98
91
399
82
79
837
483
962
966
827
702
479
1000
555
684
588
556
247
471
424
602
71
798
60
67
564
951
974
724
59
56
49
43
673
844
187
729
125
376
426
174
855
591
979
397
950
829
32
850
31
427
28
316
737
626
656
585
140
581
697
308
869
114
874
179
230
77
653
335
346
173
478
325
709
733
321
126
537
288
136
100
475
470
746
639
24
387
175
851
248
237
571
468
802
734
110
212
806
135
906
864
219
701
380
799
305
154
203
661
735
109
539
501
78
845
274
600
20
491
973
558
498
127
795
18
9
819
302
130
15
652
698
890
462
404
990
89
341
536
225
8
6
461
786
939
934
878
121
299
304
29
949
814
320
162
435
739
908
204
255
327
578
892
649
34
946
425
282
963
269
567
984
76
251
5
213
4
534
1
363
813
372
683
975
405
366
254
820
812
226
693
495
417
985
924
149
670
826
778
81
854
58
877
952
715
44
367
550
410
612
678
384
714
833
310
574
53
687
61
563
278
286
771
287
905
765
525
211
674
651
998
17
90
438
712
875
297
999
407
810
19
834
754
11
150
55
440
494
449
42
106
354
339
46
22
47
134
252
201
685
153
756
582
503
26
279
280
293
167
490
852
720
743
842
118
40
234
431
593
704
731
637
937
938
548
428
195
776
218
413
552
131
792
205
392
679
393
681
350
152
311
143
742
904
488
148
290
956
682
469
322
329
265
436
987
508
69
521
16
318
572
642
63
382
762
947
561
37
328
936
423
624
675
360
635
300
977
74
216
12
176
419
638
519
227
95
761
663
160
441
378
942
919
629
542
57
368
516
930
396
66
573
147
618
411
172
10
105
497
505
759
463
101
922
871
654
433
725
586
198
492
113
787
535
894
54
896
543
221
506
75
434
838
559
217
643
432
747
883
271
284
981
968
448
356
583
957
430
526
107
192
808
822
991
65
183
760
180
500
253
453
277
744
644
64
171
30
967
206
444
295
753
388
839
788
608
391
502
809
620
349
301
805
50
610
885
945
835
123
717
80
958
565
450
909
390
415
342
208
477
824
39
590
112
848
926
383
99
189
752
409
122
785
333
858
233
48
315
921
782
997
96
730
614
510
641
677
615
298
94
843
156
103
965
616
517
196
51
707
570
920
408
972
576
692
499
605
784
442
740
794
182
238
379
657
524
14
482
418
21
336
648
541
370
36
727
309
895
711
460
718
527
467
959
625
137
528
980
45
726
151
439
888
815
170
332
355
646
766
867
955
457
589
452
209
200
931
199
353
257
914
129
577
732
645
736
933
351
861
664
689
207
767
944
887
769
312
273
862
523
359
903
13
93
484
165
25
178
917
662
992
899
406
549
828
622
783
708
250
124
246
841
716
811
918
672
728
306
584
504
860
807
108
86
466
232
632
141
245
954
779
889
598
38
68
256
969
659
381
863
62
486
163
139
825
793
513
515
722
307
2
830
575
330
7
181
262
481
451
971
694
414
220
881
544
532
665
669
70
560
907
480
331
52
710
688
334
326
72
102
849
667
547
989
680
323
146
340
545
402
155
229
88
627
613
487
73
609
866
764
978
276
634
531
41
569
923
496
873
244
840
395
699
961
592
911
144
97
27
188
509
420
738
925
464
932
338
617
23
447
270
879
995
493
33
706
713
281
902
347
913
115
964
476
856
562
723
166
446
3
660
275
84
303
789
780
85
92
865
993
429
847
703
929
267
935
790
781
465
210
386
362
533
87
872
83
104
996
443
35
128
763
185
190
976
630
818
