1000 9872
780 725
180 313
442 272
346 33
897 343
649 278
959 49
285 194
215 769
686 64
323 416
843 681
146 411
458 409
521 189
317 322
229 566
674 901
473 124
509 136
26 931
97 510
967 153
933 793
735 141
494 533
758 294
375 274
105 794
493 675
190 669
506 222
221 313
645 439
544 182
531 432
625 317
489 575
630 14
71 587
625 398
808 122
862 461
373 128
582 60
70 224
218 927
81 569
799 376
84 836
33 830
36 167
701 863
175 434
3 438
417 456
415 205
474 523
433 370
793 917
900 863
442 290
888 21
889 828
983 926
654 874
197 773
769 140
37 684
668 950
140 683
826 70
974 118
720 768
128 82
368 887
542 165
449 746
779 708
252 217
756 345
669 318
247 342
877 699
159 524
163 713
995 432
958 772
320 744
48 647
88 628
56 146
459 255
189 458
544 679
82 922
191 268
857 288
90 397
786 796
143 425
57 808
60 601
597 430
815 482
167 484
170 408
209 694
342 906
210 818
57 522
51 273
152 818
529 352
910 231
598 11
369 953
406 262
796 154
799 725
856 437
916 803
169 482
340 125
586 398
531 460
715 347
164 163
365 734
350 255
614 687
779 966
853 313
29 511
583 352
796 559
656 154
378 522
497 678
236 732
956 165
943 921
233 354
88 411
969 54
1 356
801 289
240 160
82 137
816 222
486 239
234 92
951 19
755 658
612 777
349 701
651 383
135 38
79 617
266 211
818 484
72 30
805 762
996 575
903 29
301 843
195 216
231 526
592 612
685 997
104 798
842 704
25 938
910 613
717 421
236 869
774 52
797 461
837 988
532 14
773 356
276 972
451 127
844 599
470 398
308 93
293 655
95 887
834 997
691 532
69 872
654 43
816 567
503 355
289 425
971 149
113 237
192 732
528 870
273 125
130 542
723 645
152 782
1000 562
201 659
731 589
347 957
633 752
993 539
890 1
710 284
843 189
813 541
300 624
264 422
197 264
867 384
671 528
249 985
912 129
14 577
473 737
974 579
225 64
746 738
582 4
269 653
879 962
457 181
165 588
918 26
153 140
962 906
230 418
837 90
875 923
843 175
556 550
382 121
830 918
171 528
101 479
67 707
429 472
106 103
788 737
225 403
861 969
945 954
763 927
286 242
663 528
8 770
903 1
483 736
626 592
189 846
669 452
975 624
113 764
20 24
987 94
219 456
538 588
812 355
690 771
711 623
388 906
825 24
309 247
593 84
96 748
65 915
590 237
399 658
158 388
950 608
477 22
96 859
168 926
13 548
235 604
644 346
712 310
83 992
378 172
757 608
422 235
146 708
786 6
795 252
320 156
743 378
526 638
169 425
319 964
499 971
490 727
516 193
611 197
391 431
54 623
1 529
866 909
463 41
710 26
182 451
128 273
351 754
371 390
463 478
688 292
692 672
89 909
770 118
241 918
429 427
68 381
966 338
954 378
785 556
539 724
295 407
983 874
713 322
290 245
418 62
171 282
723 281
500 742
746 154
71 305
732 473
612 551
115 457
392 361
198 896
180 651
767 753
618 355
342 419
803 655
608 309
55 586
739 525
631 491
159 696
646 186
425 454
977 785
967 890
768 340
660 866
863 293
510 983
403 507
540 712
902 995
82 838
321 134
587 687
454 986
570 595
460 335
672 175
411 949
378 192
325 583
235 449
136 508
273 790
207 468
152 838
140 435
929 530
967 213
53 650
992 682
919 187
525 347
62 600
264 495
340 90
14 287
400 223
443 284
995 670
36 962
273 496
667 160
474 130
675 749
32 633
770 171
53 989
409 65
429 126
123 809
783 879
145 591
797 819
15 874
370 617
335 997
737 240
175 844
713 237
474 699
76 731
375 659
756 21
81 875
776 981
945 962
582 505
361 11
414 31
901 535
392 633
248 697
286 85
589 356
238 306
881 810
889 654
608 354
440 468
244 269
781 931
484 37
313 187
960 778
393 115
342 62
593 412
646 166
152 742
560 291
100 228
1000 426
622 97
534 811
647 520
861 532
907 935
838 969
952 60
956 540
260 27
620 765
339 514
762 942
178 956
216 247
911 804
71 75
109 148
809 870
886 884
298 485
325 972
802 191
924 692
170 699
763 360
781 329
621 138
911 762
588 853
633 836
207 345
562 376
598 410
292 505
222 894
518 827
651 107
503 883
853 411
44 537
339 47
837 212
714 97
370 683
153 183
7 308
482 573
926 538
378 634
72 801
783 835
330 505
645 878
637 728
107 729
755 661
370 397
956 388
979 861
525 665
965 338
271 609
770 320
590 833
43 398
79 452
404 329
623 812
950 89
510 448
752 718
797 682
285 502
548 428
54 189
863 953
111 68
224 680
945 712
863 566
564 489
431 562
846 939
406 884
781 856
817 615
730 896
215 712
612 428
761 878
743 906
195 676
204 174
354 287
669 980
651 617
658 327
904 91
725 493
838 580
677 330
329 468
254 321
106 654
969 516
397 19
753 941
75 185
322 626
841 450
629 355
957 428
814 271
709 731
502 331
342 736
75 999
404 695
459 516
44 622
407 828
844 976
503 855
16 471
415 465
509 406
240 693
867 528
743 189
653 149
417 661
550 743
79 21
125 343
253 770
128 991
495 837
41 582
816 332
390 307
980 439
729 753
586 810
35 32
681 630
956 424
850 103
210 198
361 50
343 486
119 137
348 344
828 594
278 631
745 212
431 771
837 268
254 918
505 763
640 594
833 809
426 385
618 509
770 999
589 300
501 892
449 721
197 655
755 535
975 944
778 476
319 956
684 184
575 207
522 985
318 124
936 772
772 641
95 874
493 943
105 514
397 755
347 589
991 172
574 924
763 69
393 357
633 154
385 985
963 532
252 565
621 193
182 823
883 934
75 165
458 39
800 262
821 688
680 828
300 597
605 510
2 203
663 2
296 948
978 720
652 273
430 163
433 205
508 647
507 786
753 516
266 551
987 723
936 883
992 186
976 735
818 474
995 41
647 976
205 276
405 178
978 20
561 4
504 371
931 150
258 596
337 53
250 970
750 707
107 975
552 592
258 967
704 699
440 908
17 832
452 401
418 257
882 346
891 488
780 727
251 777
323 132
310 898
228 15
215 908
534 925
973 339
42 439
685 607
872 122
781 864
564 336
644 424
366 260
96 888
26 835
947 761
622 53
769 957
455 54
242 385
575 449
354 199
429 663
790 752
188 322
601 239
361 882
749 479
252 601
878 765
829 455
207 471
782 967
973 872
634 208
597 972
155 169
528 589
781 181
529 420
69 355
767 284
553 46
183 767
757 790
596 148
391 402
16 384
810 534
888 714
481 116
390 590
174 81
712 536
486 999
801 825
953 786
532 959
619 59
111 623
3 440
671 777
766 393
968 320
35 107
914 794
996 694
443 286
970 203
894 45
162 378
632 28
742 97
323 949
486 291
570 478
937 945
404 18
478 903
806 669
988 848
718 121
732 612
655 584
574 516
567 364
276 187
205 235
152 457
25 637
649 831
125 820
241 223
976 150
13 103
6 375
394 413
342 63
289 161
787 414
203 871
55 990
756 633
960 954
595 701
884 449
319 837
964 526
765 423
377 515
797 186
526 872
514 944
643 716
915 435
539 495
852 606
289 29
378 229
929 723
425 108
43 557
27 160
446 698
368 98
322 769
64 171
451 893
982 715
530 72
605 516
201 838
763 472
856 38
912 264
658 804
753 738
325 38
934 953
478 261
995 701
45 734
541 761
514 359
553 155
183 880
929 28
370 857
261 902
746 652
384 511
441 839
672 598
819 745
527 728
746 942
766 421
931 112
235 431
789 370
521 972
166 979
900 541
998 8
345 888
552 266
491 726
111 865
811 631
578 790
794 331
210 370
420 304
585 326
659 715
163 824
955 308
601 900
635 728
196 970
229 39
603 358
326 912
748 557
436 839
774 155
99 519
618 297
983 115
881 713
627 29
21 948
46 833
128 350
440 96
702 344
362 453
959 75
912 906
341 800
803 983
714 284
316 610
958 177
276 540
318 208
144 691
401 292
497 435
26 699
83 966
172 653
502 908
195 564
342 805
787 152
38 34
96 927
981 977
355 186
87 723
9 649
265 535
527 203
203 854
283 471
996 643
919 195
18 856
735 997
349 170
4 283
633 871
170 559
925 909
757 857
311 274
757 206
631 677
446 771
787 709
331 705
903 447
528 435
947 395
989 28
818 526
500 127
585 183
659 920
666 80
633 163
317 752
989 318
479 676
693 554
505 897
453 609
241 603
719 890
353 565
615 309
379 565
949 961
343 86
328 789
402 516
167 772
232 177
929 381
819 165
750 663
577 843
993 630
977 9
742 779
726 396
148 248
346 72
453 788
388 853
391 610
160 796
884 215
769 694
219 379
437 288
99 257
800 748
300 467
644 437
57 245
646 367
137 141
470 283
74 592
455 77
919 578
958 60
136 115
268 624
235 751
865 660
85 718
920 595
407 159
874 970
708 722
108 390
143 641
240 22
807 670
914 224
164 150
535 353
224 489
406 447
671 609
191 875
145 327
771 23
204 993
369 673
649 631
407 835
102 345
875 91
771 164
115 542
633 93
889 203
357 613
396 423
537 359
644 589
999 997
297 702
82 188
709 97
656 115
885 686
850 185
318 995
889 805
599 598
974 696
435 857
20 873
276 139
663 705
975 339
962 654
45 234
138 476
11 38
581 857
348 428
828 998
261 291
229 127
102 711
641 141
993 658
543 290
391 561
414 850
533 504
937 647
4 746
43 4
158 343
769 658
480 79
360 815
345 157
553 960
658 846
648 940
385 794
540 714
523 540
797 213
855 963
454 984
517 54
21 807
65 159
946 512
618 805
452 205
783 151
697 338
844 423
356 40
643 5
88 304
744 135
891 885
400 322
202 242
493 561
791 910
369 611
210 553
887 737
959 724
981 364
840 880
782 887
822 800
913 4
455 629
496 362
369 764
709 658
691 187
602 994
574 682
996 962
68 445
18 578
884 831
666 502
282 511
412 846
253 856
418 783
880 942
809 486
96 666
176 805
481 908
196 424
470 731
590 760
42 818
371 130
188 596
732 153
56 746
276 503
462 414
218 794
945 960
530 942
729 857
489 476
141 763
868 728
617 984
214 110
138 67
312 434
609 684
884 354
355 628
285 7
396 798
950 413
231 969
916 404
590 295
427 193
226 696
363 719
221 805
536 159
204 53
80 235
946 706
790 947
366 289
296 662
981 972
568 159
677 451
750 139
934 429
385 919
445 31
429 762
622 833
680 584
630 476
639 518
986 916
435 134
245 227
192 913
592 402
611 673
504 786
395 613
841 437
35 458
473 537
383 58
330 178
757 233
408 728
836 760
890 258
966 111
619 704
610 477
575 777
421 770
837 210
70 195
183 992
985 46
651 365
871 55
839 533
666 125
283 935
638 145
970 727
847 175
525 663
859 757
399 606
516 878
719 865
426 536
79 454
176 47
532 578
267 248
875 623
289 768
256 119
37 990
168 643
561 220
615 353
334 786
105 232
413 191
911 416
15 671
419 530
722 361
688 217
119 475
393 947
397 875
289 98
327 750
627 28
538 631
802 416
414 938
218 43
369 397
596 964
285 135
927 744
731 507
547 125
286 880
627 314
668 456
397 734
966 945
781 568
697 281
442 936
60 750
564 47
105 838
571 989
787 776
751 571
130 541
94 218
904 44
378 105
770 557
273 3
737 550
807 586
459 728
597 18
566 791
130 319
905 599
1000 979
362 308
754 734
939 880
317 956
196 691
253 574
714 48
698 669
991 556
23 782
779 628
563 813
589 789
37 446
597 598
622 503
28 727
510 177
936 808
665 238
477 344
978 415
529 943
976 644
150 465
667 569
931 523
638 28
665 8
104 750
370 145
746 308
594 691
223 636
105 341
512 435
567 343
733 587
21 703
884 457
243 451
137 466
731 86
950 756
539 795
48 578
341 195
308 60
146 435
811 431
613 791
66 122
911 364
144 656
821 250
553 768
578 449
839 490
622 910
346 653
75 121
812 930
541 380
874 971
353 488
423 656
688 879
601 2
529 301
30 882
977 224
736 791
771 376
910 715
437 788
633 657
796 221
10 659
654 167
876 303
287 474
749 283
880 86
24 770
369 727
245 76
88 137
586 392
112 319
187 335
443 953
932 227
904 516
562 96
158 623
592 206
71 742
723 79
542 753
852 297
852 448
92 102
112 620
205 641
978 387
249 581
338 186
642 170
846 442
495 200
871 861
853 818
474 341
594 66
284 982
858 511
680 209
751 360
720 500
186 432
704 701
821 282
822 205
71 715
898 533
994 894
890 831
542 220
116 507
340 742
536 784
963 950
46 894
18 315
7 207
811 122
873 622
527 334
820 196
805 956
535 851
683 68
575 114
136 129
155 367
105 764
825 283
702 308
189 132
627 528
299 605
913 410
13 807
454 251
644 95
260 832
133 478
538 302
446 623
857 900
333 988
420 638
654 691
373 106
235 767
343 774
594 704
352 699
593 787
591 987
545 720
520 818
704 63
634 432
562 437
605 772
123 957
420 499
297 520
349 138
961 561
434 659
669 193
607 532
119 946
227 856
675 460
968 322
757 328
278 723
854 818
874 96
31 504
572 819
24 329
8 846
704 507
334 170
816 229
281 324
730 631
414 2
720 577
3 745
152 45
780 794
724 613
854 540
121 648
413 218
575 375
146 567
479 585
261 262
427 34
413 75
129 956
480 1000
153 960
800 567
506 600
893 348
180 281
792 155
760 527
816 801
941 462
148 156
113 923
237 598
834 925
372 844
397 697
588 140
584 571
288 104
865 866
649 97
17 511
625 98
937 190
331 155
562 533
544 8
47 146
748 872
689 491
237 524
502 243
585 605
235 223
277 551
95 352
44 758
45 587
292 723
752 73
519 871
576 167
539 45
995 703
189 873
952 746
59 320
480 251
130 345
624 226
474 969
662 900
798 221
723 150
407 763
818 190
298 893
1 376
55 37
554 644
828 363
442 154
83 164
970 724
906 700
45 160
466 567
358 425
988 16
298 588
614 126
121 571
953 488
421 316
500 729
537 154
920 14
881 719
717 417
519 239
775 257
726 465
802 417
363 797
328 552
699 555
977 205
119 248
800 706
308 89
75 382
219 693
302 699
289 316
316 408
630 543
100 874
16 495
597 889
784 505
921 908
204 824
260 250
36 994
256 833
9 655
620 263
472 495
36 720
478 197
740 696
619 953
602 697
435 274
621 712
849 956
649 968
213 555
838 500
630 837
40 49
866 997
853 693
145 746
308 785
607 334
358 843
763 708
654 405
527 649
475 412
81 517
816 496
279 464
546 713
510 8
439 238
866 694
6 983
137 900
764 653
486 143
55 446
846 351
24 274
955 593
392 726
428 704
301 794
874 108
498 838
594 95
228 929
724 558
963 302
655 748
106 261
253 466
492 878
538 694
741 365
834 513
941 347
711 837
346 841
879 499
186 268
195 470
747 677
349 245
755 174
803 955
115 271
63 87
858 173
87 333
459 298
901 415
99 259
426 49
579 13
714 691
300 240
554 309
57 251
651 569
800 861
778 652
998 803
195 530
269 263
382 656
865 682
99 78
597 211
198 262
53 513
570 669
402 379
757 541
114 561
687 740
621 190
269 233
951 973
593 933
758 505
118 88
283 437
748 199
986 764
684 863
847 701
174 969
895 129
329 160
400 917
936 231
221 99
666 400
826 297
723 225
135 823
687 378
692 684
641 598
908 452
68 377
361 497
361 386
234 144
571 243
872 530
194 546
931 155
128 220
951 196
519 949
480 751
962 667
271 715
622 890
884 264
711 809
160 641
569 752
831 144
281 524
836 314
472 589
489 657
698 327
220 519
332 88
208 982
6 281
805 502
119 160
798 773
602 138
930 389
933 546
381 741
934 325
930 780
955 826
498 899
121 733
658 379
976 346
905 210
874 925
623 470
554 75
387 160
286 950
485 889
235 858
787 835
354 472
832 296
170 707
523 845
818 855
392 537
361 768
876 880
134 953
672 496
586 346
344 865
252 826
164 180
648 377
10 798
912 190
89 723
364 435
477 933
232 785
49 333
912 205
216 802
794 33
814 36
68 462
948 389
905 985
823 685
625 892
699 469
810 966
139 58
505 974
159 183
954 141
756 17
342 689
813 182
347 44
458 844
168 681
893 142
758 722
539 941
931 260
551 983
988 851
898 583
991 332
785 923
25 977
245 822
263 971
713 604
132 502
543 256
640 115
217 746
109 332
590 293
132 389
540 522
777 840
828 799
159 664
164 822
455 241
498 852
105 590
915 71
94 450
830 86
247 224
194 492
714 759
967 235
535 999
203 70
332 290
423 629
463 568
928 57
857 197
995 115
36 16
965 929
681 160
644 60
583 57
644 963
634 243
728 116
411 288
695 516
696 402
74 42
739 340
79 799
283 746
931 646
552 177
145 269
993 449
225 63
943 823
583 492
783 734
699 266
184 964
793 858
810 664
775 670
723 153
245 293
84 869
986 50
549 551
773 149
475 288
115 841
520 525
689 170
871 134
984 602
487 697
127 662
55 85
202 571
38 839
983 953
175 876
215 275
605 129
682 463
851 283
101 152
618 636
301 838
488 851
984 888
287 759
687 606
426 425
962 615
104 771
911 418
785 778
806 700
363 413
161 912
273 883
121 788
285 99
488 113
287 533
534 638
884 503
171 4
284 317
30 457
483 59
664 387
904 402
741 187
142 822
136 247
717 130
590 432
973 280
248 923
318 215
191 303
507 138
199 208
610 601
277 902
227 27
394 670
325 650
108 270
679 347
905 760
845 611
973 634
167 391
481 644
47 221
454 177
274 459
354 125
151 968
89 504
92 937
44 836
409 449
528 633
620 407
645 124
224 448
321 654
967 275
880 187
258 153
407 345
562 491
430 139
415 477
456 258
996 900
706 906
784 960
947 396
240 568
760 319
933 416
762 405
67 569
267 427
970 870
404 768
760 174
891 977
233 210
414 441
913 526
474 716
662 131
591 27
168 579
496 880
45 131
449 794
304 3
296 330
718 154
556 273
171 309
82 392
447 384
734 377
286 6
185 881
722 184
390 224
612 907
608 191
683 303
78 279
926 65
217 689
949 224
141 995
698 416
602 298
919 776
811 131
523 279
871 767
968 934
458 540
43 938
499 783
267 674
859 268
560 251
746 531
511 529
882 103
350 913
540 737
8 466
178 542
658 101
470 286
492 322
809 640
437 719
540 784
291 532
134 545
449 17
838 533
608 50
18 6
514 178
964 871
74 305
277 892
118 46
946 381
657 246
288 383
566 838
340 884
504 989
966 139
198 33
828 232
249 130
353 200
884 268
27 907
451 711
487 61
36 939
256 17
22 130
154 58
980 130
47 309
123 915
364 479
545 803
466 395
582 608
286 422
822 532
948 855
275 851
883 486
217 537
448 561
289 932
516 514
573 495
408 351
176 907
211 897
949 512
823 107
419 353
385 177
943 690
837 347
200 144
435 971
366 861
202 962
843 362
811 961
997 22
120 438
564 655
357 439
802 4
821 280
999 489
915 991
259 771
531 495
579 458
730 802
87 227
273 611
517 896
385 637
63 74
925 123
391 579
574 834
389 174
63 475
341 229
640 356
401 336
165 439
81 496
151 612
333 577
616 99
144 766
397 740
824 112
612 247
479 440
47 804
109 171
293 420
468 958
594 575
218 549
695 981
494 654
924 505
763 323
835 718
80 733
973 380
856 78
342 701
344 941
494 1000
532 852
960 60
227 751
121 112
191 904
819 499
663 829
438 943
793 716
596 7
300 964
653 72
582 54
97 88
120 935
926 547
145 679
178 315
958 248
382 43
500 946
286 301
15 881
141 534
211 302
710 692
324 119
552 274
129 103
167 747
43 409
371 52
580 320
357 201
360 291
713 353
879 340
475 18
21 418
480 652
674 80
73 34
225 180
909 755
509 783
129 769
876 728
133 713
426 325
124 426
345 435
848 310
82 998
959 450
823 983
432 589
489 652
147 210
206 563
817 638
864 674
803 575
227 809
372 846
636 19
530 384
604 561
772 325
167 269
69 783
711 336
514 908
860 858
899 602
652 770
6 980
806 143
354 86
636 864
98 83
673 423
344 207
970 143
277 549
870 684
356 798
731 890
255 104
763 110
900 741
616 682
727 898
835 968
126 287
897 617
183 844
311 187
918 385
480 253
944 524
747 81
434 802
880 894
534 209
331 694
373 287
931 999
291 341
935 983
520 526
584 944
172 257
11 901
824 944
325 301
242 637
528 227
181 494
236 783
898 262
521 833
6 779
232 458
341 744
488 852
805 555
506 920
34 51
25 940
744 308
621 626
472 663
220 601
460 800
100 423
411 564
85 469
51 733
52 258
623 85
147 238
111 289
99 208
833 531
246 584
616 326
216 523
130 839
640 529
755 498
78 581
262 636
691 538
263 717
527 384
820 190
14 237
255 635
754 134
458 475
639 554
743 790
986 853
19 262
873 118
463 543
446 715
86 306
456 839
398 878
844 490
722 970
45 173
714 970
753 928
402 420
41 124
919 137
69 406
508 922
434 21
365 555
866 112
959 745
514 468
109 550
839 980
36 7
826 193
621 60
465 587
541 842
585 810
378 552
822 521
749 999
951 431
779 710
54 157
861 94
903 345
873 368
267 59
721 580
706 400
319 487
968 491
767 997
471 168
571 70
561 108
271 753
495 407
812 59
280 92
814 537
251 755
930 42
574 581
980 880
994 814
703 944
834 801
584 264
587 603
750 501
329 181
667 579
755 289
792 213
612 510
483 162
582 902
713 885
751 789
989 896
938 146
167 324
759 494
574 445
854 6
514 965
424 675
857 644
190 910
212 706
696 15
113 131
187 900
223 490
65 32
781 426
546 108
144 945
978 695
221 701
758 332
1000 532
550 436
416 677
880 506
829 47
353 350
841 416
503 528
487 175
415 658
397 131
718 793
809 67
719 448
662 960
634 40
314 722
792 990
795 385
230 358
191 996
100 821
623 993
865 197
761 20
482 527
784 45
572 964
934 679
404 950
480 20
63 723
447 624
799 239
567 835
846 270
850 181
484 459
376 212
340 631
159 221
197 810
219 878
224 246
854 456
750 103
441 280
354 971
81 769
618 56
214 551
452 248
960 255
26 629
759 793
975 716
917 766
742 201
359 253
458 972
628 336
730 688
71 713
90 787
971 646
699 887
81 444
66 264
273 610
627 473
792 130
385 636
981 722
86 958
548 711
327 320
938 231
497 29
119 945
707 446
677 602
218 145
590 489
333 576
890 399
86 152
181 857
50 561
443 197
942 961
778 686
284 187
186 219
130 593
211 353
868 297
395 671
26 401
8 188
743 572
264 262
231 488
993 252
960 398
706 702
709 525
543 911
967 325
316 665
40 124
404 645
277 625
356 970
444 716
885 125
413 738
106 884
396 496
20 580
597 666
988 233
736 370
304 898
83 141
818 360
163 37
576 282
580 306
598 943
231 658
551 755
295 433
759 844
673 609
381 210
254 832
794 739
784 363
851 494
102 788
965 410
822 61
384 963
521 518
314 268
798 58
820 534
937 854
591 609
389 495
800 586
346 12
402 874
332 239
376 504
569 492
825 90
330 536
63 510
449 446
88 746
342 163
329 704
556 220
809 590
717 877
259 685
941 869
730 200
311 833
40 181
605 893
253 483
187 972
196 790
786 72
292 257
645 259
390 882
283 462
819 48
514 606
161 942
681 55
592 406
919 213
478 383
191 862
982 575
17 175
24 893
991 679
648 279
979 295
796 951
856 218
698 645
996 217
58 548
943 24
80 984
600 223
214 931
951 330
148 533
210 954
301 17
624 372
300 305
239 453
280 820
407 613
853 917
103 282
854 861
676 450
619 312
136 749
24 772
842 489
883 255
385 248
940 910
393 725
410 605
162 10
950 83
733 833
497 921
926 472
985 956
103 585
397 790
436 844
242 992
134 255
7 775
390 149
655 939
198 962
110 142
95 606
612 372
372 653
925 177
746 510
964 329
413 477
363 798
860 618
590 263
773 365
242 145
722 391
673 826
464 411
542 426
910 654
161 413
536 255
463 760
473 12
75 448
955 868
227 29
234 991
678 900
458 299
709 786
621 70
400 480
278 385
298 451
27 131
100 587
47 76
984 222
880 479
329 431
160 813
648 469
558 568
983 407
162 793
179 237
865 478
61 209
634 21
853 373
156 715
286 686
552 787
919 110
852 51
763 616
766 665
236 680
457 45
644 711
774 786
173 153
358 224
906 637
210 926
282 307
103 169
414 300
162 733
144 304
54 855
400 842
480 963
132 296
758 975
816 322
263 663
72 210
35 38
665 820
610 739
24 277
810 924
741 648
798 449
802 796
50 537
369 23
223 858
11 771
133 622
542 970
741 929
676 692
897 161
176 350
17 862
375 25
512 439
877 747
445 927
392 277
871 761
522 202
881 377
150 896
623 311
411 640
200 641
216 355
905 42
815 555
280 749
485 608
811 703
117 601
166 874
190 911
636 203
104 332
360 982
332 356
316 865
833 137
770 666
517 511
403 563
902 683
583 114
450 618
752 182
503 373
348 829
888 511
277 747
409 419
908 899
197 832
973 975
244 993
724 427
28 482
435 757
710 130
982 439
224 349
463 54
713 244
756 811
787 740
230 502
638 499
306 478
436 287
770 113
718 427
285 632
249 728
691 307
331 195
474 575
587 472
898 173
242 563
532 431
824 873
699 59
936 919
577 923
427 796
689 65
980 576
874 79
452 249
150 608
7 169
287 713
68 24
718 103
479 593
617 112
245 863
284 577
418 283
539 989
774 355
479 763
20 170
132 428
725 619
217 828
703 36
962 254
602 137
472 878
694 681
436 201
899 723
61 740
208 856
610 543
536 934
556 601
998 962
679 285
38 111
791 679
424 303
445 653
754 503
544 480
711 140
473 870
290 884
633 704
761 507
118 8
620 330
412 647
515 718
329 359
936 281
700 338
938 715
766 231
909 506
717 668
622 635
591 285
460 778
840 708
328 857
486 746
535 497
98 286
705 494
376 420
73 68
789 390
975 111
886 350
533 105
934 834
46 256
766 435
269 107
755 702
2 890
41 640
153 510
799 83
824 773
966 704
399 577
954 136
873 472
305 356
384 85
387 842
337 11
319 143
121 652
306 774
897 233
607 216
488 100
501 860
618 319
121 893
584 99
531 604
783 539
916 34
277 395
205 229
33 92
113 782
590 296
703 971
416 294
119 3
99 348
852 646
47 996
673 29
858 19
592 75
960 559
796 349
209 541
137 200
122 790
125 641
860 852
75 436
313 527
422 219
321 20
564 80
570 737
611 471
882 194
856 270
250 37
382 574
572 474
633 732
69 432
323 933
278 47
956 1000
478 380
61 204
501 680
947 151
911 624
115 522
53 792
899 24
576 187
260 289
247 726
413 716
849 881
443 997
747 491
10 640
836 628
747 83
286 621
228 509
179 982
315 47
867 586
943 982
600 335
548 23
144 469
996 705
228 683
544 657
49 72
361 462
119 163
642 255
606 692
976 669
441 163
48 128
466 883
769 557
569 994
806 977
533 135
262 499
135 431
376 892
267 255
430 665
183 419
503 800
858 435
595 686
716 565
756 278
152 444
320 814
817 446
341 968
380 34
533 458
717 93
839 539
993 733
655 987
507 417
721 171
70 539
85 324
412 148
124 174
345 175
697 66
809 536
293 695
706 176
431 281
696 902
901 89
523 603
194 463
604 646
754 279
22 697
151 799
616 204
100 997
178 859
752 316
810 148
608 895
226 79
687 728
248 747
811 640
64 141
49 607
856 409
35 540
541 630
472 487
278 224
689 527
562 279
13 77
277 985
566 923
308 959
739 373
847 709
785 141
519 980
22 84
405 340
903 437
286 585
418 705
643 461
376 75
199 41
250 620
16 236
988 210
898 198
628 377
97 503
996 741
784 285
137 904
179 507
729 762
142 237
457 927
920 289
806 990
962 676
926 283
16 906
751 482
225 516
730 555
803 445
100 359
958 741
513 112
494 91
811 887
134 216
964 287
414 22
458 648
974 336
542 116
208 420
780 697
360 170
158 381
805 687
811 21
977 813
802 40
302 872
531 882
273 678
881 457
785 645
590 403
721 288
744 95
462 774
655 221
948 73
507 171
143 489
661 620
187 809
665 873
190 908
598 25
1000 376
69 709
550 156
199 70
934 63
999 919
596 554
136 456
302 437
524 395
51 247
485 99
970 483
638 955
997 499
411 340
51 100
513 56
809 48
717 743
630 136
835 868
770 957
93 274
888 582
926 808
377 199
110 975
532 819
996 980
26 204
689 900
254 965
469 640
329 53
165 647
496 546
371 398
406 147
541 812
397 823
571 297
93 933
944 677
670 796
768 595
621 924
555 893
747 737
704 357
112 752
591 248
371 93
638 61
675 53
197 953
788 380
18 684
42 634
9 311
954 845
410 658
140 527
417 246
368 836
590 51
132 655
974 402
778 153
707 245
877 573
732 320
493 308
226 346
229 202
60 363
711 698
712 236
643 938
848 476
163 336
411 766
692 357
125 922
164 255
163 677
347 384
555 231
494 337
405 736
544 660
543 590
640 359
694 686
19 98
38 130
699 708
995 381
295 41
467 692
985 439
549 542
164 764
22 758
709 856
449 242
235 239
243 798
230 964
485 869
235 862
951 956
277 669
388 282
804 642
981 741
131 56
279 80
94 74
340 98
657 96
507 755
991 333
79 775
706 559
1000 119
796 988
899 277
830 305
417 741
399 829
565 961
884 773
477 249
57 183
407 722
728 809
413 657
285 701
419 32
93 905
311 118
166 863
686 102
154 831
886 546
89 866
733 89
990 533
572 857
96 2
222 710
667 631
870 82
673 758
49 188
656 484
841 936
901 910
499 236
923 670
960 901
729 931
824 757
475 480
633 447
483 544
724 610
746 230
214 432
38 738
5 101
220 624
703 166
521 405
495 318
225 814
742 981
726 462
569 385
787 310
223 448
618 734
450 124
592 957
259 542
631 372
298 56
687 582
119 128
889 853
432 686
17 720
144 226
882 938
864 673
481 515
868 233
725 352
621 463
369 854
904 167
144 748
65 208
105 876
199 14
934 71
114 329
701 328
188 381
904 54
192 888
869 914
915 425
628 819
166 300
616 399
246 94
948 470
826 950
577 484
356 414
28 436
14 707
507 671
861 804
130 452
528 319
35 321
382 666
193 541
13 266
315 46
872 801
653 250
190 888
16 129
953 672
310 487
115 845
615 40
504 468
748 962
167 571
97 347
595 196
278 752
962 833
441 309
93 655
723 360
958 754
90 951
436 735
208 626
309 819
869 143
414 63
271 783
884 332
284 650
431 597
472 666
113 856
845 103
467 929
746 508
530 705
769 675
904 406
133 972
336 200
380 257
364 766
151 568
325 741
744 654
661 599
21 1000
730 170
288 137
592 199
421 163
441 605
221 719
381 907
387 252
960 298
616 348
585 659
74 397
783 378
885 526
985 207
374 35
306 71
877 508
515 777
369 557
188 103
762 76
943 241
47 428
897 235
990 180
719 414
520 864
558 792
466 272
936 240
442 345
304 698
795 343
10 677
317 551
432 287
430 254
514 245
844 824
957 759
318 895
568 842
134 936
681 749
974 874
408 327
196 494
913 514
187 229
870 26
175 780
881 819
883 221
336 360
82 388
949 840
285 289
15 584
458 983
684 105
266 478
237 953
453 652
42 373
385 484
677 61
650 440
618 372
110 150
168 899
206 767
42 847
670 78
525 889
910 761
33 27
659 315
624 66
518 2
359 840
267 678
108 584
270 203
510 928
8 470
887 214
594 614
75 494
186 845
484 682
255 745
661 732
645 167
459 924
441 633
481 676
818 733
484 569
468 934
658 50
94 184
540 50
890 187
624 867
101 981
184 877
13 31
386 947
792 946
926 809
502 431
178 49
273 403
225 10
72 899
793 721
248 196
727 820
966 312
490 1
1 266
438 225
735 629
166 816
225 212
443 157
137 858
118 537
525 503
514 72
823 246
606 738
372 156
374 806
233 178
784 206
324 31
388 764
816 255
871 859
68 4
381 203
951 195
789 36
862 938
96 325
854 522
621 789
194 348
346 277
932 572
898 636
628 227
505 765
719 724
243 135
9 451
928 743
530 871
170 341
54 381
935 476
850 756
582 711
857 269
579 95
605 951
655 786
493 85
632 563
7 623
375 81
949 482
881 500
455 92
518 377
99 435
437 753
212 626
759 124
187 124
401 234
578 174
209 721
947 927
786 99
306 585
199 954
754 431
203 447
99 254
448 38
472 428
1 682
790 490
330 765
394 644
50 441
658 824
677 108
382 994
386 919
490 199
740 972
317 909
947 298
348 805
480 213
942 988
361 694
268 38
954 453
749 940
950 874
776 736
339 376
859 625
847 208
831 767
443 278
569 964
516 881
223 783
149 104
333 251
116 253
922 424
824 758
732 7
59 855
315 705
232 353
305 491
915 910
825 457
937 970
441 27
65 647
484 95
525 991
696 543
860 274
128 475
876 748
526 679
531 719
399 7
77 937
830 377
498 254
940 489
890 716
180 406
995 267
597 451
835 338
868 556
13 530
454 940
664 330
463 662
431 245
137 206
655 20
159 933
496 737
829 257
665 800
43 660
908 656
467 448
29 473
527 78
30 914
682 485
757 559
155 878
460 507
397 486
239 925
365 434
113 473
207 435
212 8
290 122
834 347
697 956
642 967
697 593
482 865
672 273
162 867
198 109
236 304
149 615
41 806
606 235
748 411
452 744
500 252
529 154
269 671
515 91
20 603
187 683
295 739
405 431
149 336
335 162
417 625
340 94
456 457
537 288
535 245
867 733
944 366
391 29
548 96
987 384
561 222
496 841
444 745
375 695
825 590
168 763
635 594
30 129
345 753
381 243
441 198
181 47
316 455
604 860
769 305
896 16
264 679
708 802
219 279
920 818
260 307
869 497
311 353
929 36
473 480
221 770
593 503
998 686
678 808
695 714
30 476
260 81
32 16
35 851
324 856
403 683
100 999
670 559
431 121
201 520
758 356
264 895
374 125
430 323
195 858
951 999
679 436
780 453
615 570
50 494
145 450
365 551
637 368
922 778
727 973
175 346
126 428
142 401
895 2
365 696
663 241
637 800
260 302
31 891
499 366
258 5
187 425
116 369
834 291
316 371
999 14
19 865
361 654
253 936
201 213
699 306
59 211
90 711
236 585
521 903
849 626
559 663
747 351
931 20
852 471
849 387
221 228
659 894
73 717
819 646
812 160
776 918
64 920
817 254
699 254
885 743
834 539
507 353
452 422
313 24
132 548
320 780
121 827
432 954
345 495
38 954
539 867
955 566
974 342
879 549
94 637
117 772
238 893
545 423
416 253
53 248
735 508
989 924
968 640
649 449
669 30
483 55
892 201
344 335
142 902
554 462
386 588
350 805
5 502
833 285
523 633
345 1000
246 280
568 94
145 243
446 747
673 293
886 181
687 972
458 287
670 666
674 713
217 274
805 433
109 996
874 954
667 432
351 955
465 888
155 196
249 161
1000 935
468 133
197 321
913 16
628 923
370 951
814 304
563 112
356 978
430 57
89 761
883 719
369 835
831 919
335 68
16 44
568 521
880 625
291 226
808 24
351 750
581 269
638 502
435 643
845 648
519 587
222 601
975 5
690 439
504 414
92 474
976 712
884 252
615 115
728 621
233 177
175 690
306 575
419 356
572 806
10 267
305 381
396 524
290 829
992 401
632 120
802 174
859 931
385 249
823 772
555 426
333 56
617 117
979 634
51 891
672 200
858 601
225 768
394 287
470 226
310 923
574 756
6 384
501 712
46 760
66 439
952 776
750 405
164 792
91 872
772 735
605 243
259 548
872 99
591 860
26 840
636 123
263 785
604 729
831 430
916 589
421 233
179 411
769 805
191 576
808 440
616 405
778 908
397 82
400 186
364 139
458 64
906 553
874 712
198 6
92 541
454 412
662 657
644 868
684 825
79 769
26 191
600 88
853 298
302 32
529 44
343 908
312 547
532 977
901 700
496 753
775 547
925 993
13 484
453 237
914 625
348 981
482 559
598 705
512 1000
909 810
288 860
943 59
408 273
870 193
550 470
987 423
586 748
495 132
41 645
688 220
603 631
968 791
769 474
819 803
626 575
655 936
595 949
903 67
154 590
604 202
205 17
154 753
896 34
418 314
736 666
204 335
684 193
542 35
526 676
281 736
967 562
208 25
51 629
244 813
604 927
21 609
316 599
858 234
616 53
778 37
228 443
104 233
565 100
20 431
63 331
92 652
749 152
660 767
810 44
705 786
133 281
562 957
468 872
711 220
63 88
570 748
170 286
208 613
887 447
891 952
288 333
679 403
650 222
957 45
135 689
544 126
563 138
841 216
18 764
990 222
353 11
226 379
88 283
292 114
847 480
887 995
376 451
965 917
568 961
681 358
652 161
727 767
68 296
231 972
651 677
630 649
918 228
162 292
104 667
755 671
421 773
426 625
125 427
966 547
381 1
771 531
925 505
975 275
962 718
985 791
548 327
418 124
974 89
444 968
879 484
38 524
721 910
670 265
483 431
559 822
508 106
203 988
76 294
964 437
638 676
732 808
518 36
316 644
872 44
66 511
610 736
372 943
122 966
825 235
826 532
423 902
421 955
389 882
229 627
808 594
826 647
521 115
66 816
838 690
416 815
805 267
114 322
496 125
886 174
243 984
942 620
283 49
763 790
252 922
182 801
37 98
535 743
293 200
715 54
838 348
843 182
628 896
168 126
324 362
923 254
525 158
545 544
468 209
736 609
459 574
390 636
947 357
969 509
571 401
314 96
496 569
405 337
830 658
240 473
581 296
358 388
404 927
405 450
89 815
986 795
590 649
276 337
574 25
870 137
835 330
747 350
453 455
457 924
297 875
448 713
516 842
367 502
278 525
903 920
177 670
492 869
81 58
669 473
814 546
855 498
414 236
91 97
389 402
172 806
768 37
113 890
366 20
901 375
828 825
402 366
492 410
591 714
371 559
688 475
561 547
670 223
413 302
252 506
808 784
902 675
284 61
668 409
144 648
591 1000
61 845
959 884
467 364
545 128
567 679
597 220
251 272
604 237
53 522
735 34
259 391
887 359
857 944
453 727
71 154
993 220
602 730
403 932
548 707
869 825
984 45
268 478
987 926
161 874
164 159
566 817
465 904
891 590
809 215
103 636
615 831
585 21
265 869
70 240
93 49
738 326
207 57
451 491
452 944
221 237
171 984
161 240
193 884
859 535
819 807
991 267
305 227
414 415
110 526
404 145
116 155
927 199
710 733
72 65
456 224
789 34
721 820
560 246
244 327
119 629
565 587
713 472
348 421
280 189
119 490
814 574
599 828
253 352
574 618
167 944
775 305
464 57
498 94
34 999
761 228
95 658
225 880
392 309
981 733
583 633
933 602
551 159
475 712
399 945
78 535
691 145
454 452
40 662
935 437
51 310
551 509
722 877
464 645
378 215
625 126
769 804
776 72
423 735
728 321
340 143
13 863
420 999
597 97
763 345
748 147
145 504
18 774
420 182
535 63
305 754
72 905
222 137
28 450
951 277
35 422
740 83
607 382
939 898
266 638
802 668
196 755
771 139
260 652
486 108
141 447
326 901
755 627
852 341
103 237
840 309
864 427
702 927
573 525
6 918
922 263
707 551
543 181
177 452
96 244
479 659
432 150
529 760
972 528
534 267
278 565
158 15
451 3
695 316
73 533
184 28
332 774
299 215
997 52
135 357
67 51
828 882
703 870
669 306
66 361
750 455
241 213
985 331
189 621
506 723
267 659
803 549
878 107
493 55
690 432
377 614
360 884
108 658
792 385
226 837
959 831
726 30
768 442
751 697
97 720
422 223
969 900
592 365
311 870
153 727
377 305
655 308
14 420
736 888
661 899
596 476
339 877
502 203
305 653
433 464
454 110
118 923
9 629
364 383
956 91
254 816
743 317
785 165
418 582
329 97
240 644
974 627
962 845
368 870
838 162
550 758
775 663
617 615
10 543
767 233
291 340
506 39
799 162
267 21
490 214
998 40
774 484
277 84
617 641
893 820
393 463
768 653
880 673
609 485
888 120
447 405
663 625
525 624
87 67
345 608
346 203
973 94
153 382
627 984
677 938
552 452
459 425
997 185
102 535
255 771
842 982
354 560
137 14
411 699
194 41
912 900
75 374
312 36
941 819
963 775
70 559
146 471
821 798
109 220
365 370
772 438
759 38
577 73
330 874
701 361
973 708
153 691
5 690
193 178
175 6
274 341
204 534
813 896
5 707
135 660
106 516
39 793
1 656
650 298
790 400
738 65
991 369
334 524
260 919
961 806
585 300
908 875
821 722
10 77
130 423
98 339
248 316
302 89
468 321
658 913
560 655
391 349
767 60
805 991
719 185
282 316
638 299
766 973
112 633
497 717
103 649
729 766
824 850
732 351
331 950
580 375
447 312
513 170
793 202
30 227
90 918
328 799
104 870
151 413
696 282
594 377
261 326
530 657
15 363
720 303
290 81
643 963
56 231
147 16
459 290
223 261
967 906
548 824
83 858
575 65
958 91
122 987
344 337
647 280
824 91
553 611
222 342
702 92
248 813
818 585
32 62
288 168
199 66
627 575
866 942
579 928
91 213
255 379
577 135
333 777
835 731
13 139
735 946
937 15
297 232
304 700
965 697
843 341
690 296
810 406
260 907
264 777
853 276
247 741
473 600
266 603
131 783
443 33
339 240
589 816
382 54
993 115
276 907
121 296
324 139
555 733
510 218
116 117
466 164
875 768
345 781
478 775
335 954
764 78
768 885
931 131
453 587
770 287
917 92
849 382
776 948
335 555
162 79
772 788
229 101
232 151
604 151
110 216
536 495
8 520
350 164
134 184
969 853
363 844
697 156
368 550
954 821
481 793
461 291
85 203
606 808
143 43
475 715
521 351
885 908
547 527
803 921
623 248
381 765
311 970
721 256
302 763
904 200
199 145
860 845
735 355
406 533
445 241
763 122
564 121
420 977
347 723
496 55
658 644
356 515
285 537
951 952
991 427
607 218
633 715
862 156
300 669
895 220
382 475
887 616
836 654
528 727
804 364
328 445
715 315
382 778
353 94
139 455
675 665
239 574
990 258
413 621
190 884
611 412
73 472
306 554
20 561
809 492
520 679
690 345
943 633
665 173
684 383
222 714
614 248
64 548
836 834
859 739
343 468
646 711
833 972
850 34
377 374
396 562
409 996
594 31
764 915
600 692
638 940
713 507
354 715
523 118
724 733
251 689
306 914
550 839
766 107
137 627
48 293
964 339
117 841
902 153
620 336
997 277
433 954
556 788
379 731
815 633
787 24
511 726
989 962
518 344
473 171
865 889
772 467
645 107
792 561
502 46
369 987
17 391
92 989
238 711
41 9
95 218
740 653
173 636
818 883
302 352
112 146
937 71
847 716
596 332
286 692
74 82
258 141
60 1
278 72
61 312
796 909
377 131
965 770
53 916
117 193
28 598
430 230
238 468
927 776
652 163
362 388
177 5
159 125
276 241
75 674
370 244
73 981
415 148
449 822
429 376
286 131
659 871
1 17
367 476
73 679
419 399
202 773
918 951
25 772
177 705
146 528
258 898
707 177
121 796
894 673
54 312
849 96
613 7
577 667
428 613
604 974
825 15
759 658
212 983
963 889
712 439
397 579
15 52
18 376
534 848
630 741
316 629
235 623
645 62
612 39
189 338
227 3
403 895
285 959
126 791
904 696
919 416
522 666
616 305
672 227
296 279
153 690
853 29
377 460
71 176
454 261
493 606
481 382
482 145
174 843
729 144
359 373
678 235
58 992
41 246
598 434
1000 989
268 395
614 551
678 378
572 217
387 303
980 118
339 102
735 763
675 704
326 800
380 230
610 503
538 328
791 174
631 559
944 559
193 765
897 767
236 565
370 662
112 491
520 578
415 251
608 779
92 404
166 923
975 467
30 666
374 990
547 248
529 933
733 157
330 568
866 574
906 857
874 85
231 720
513 169
822 477
346 394
475 34
208 423
906 808
817 243
158 53
241 545
561 246
465 153
590 415
721 1000
891 137
777 942
670 35
229 209
108 972
775 348
427 242
579 138
507 64
74 869
699 590
313 255
481 877
267 730
324 921
704 737
76 42
369 48
202 347
156 242
123 1
783 96
860 874
535 950
717 815
811 310
197 483
687 747
273 955
739 216
920 606
246 504
763 206
804 516
506 182
644 109
518 578
787 756
820 302
416 700
184 584
743 70
210 568
523 937
726 656
912 316
913 21
131 80
259 167
888 587
671 929
999 841
602 533
468 826
480 205
486 169
101 691
748 478
896 767
970 928
813 278
182 150
374 907
894 210
483 813
447 718
943 725
241 739
849 492
79 275
816 243
923 649
708 417
498 457
220 331
314 128
82 356
564 736
765 161
873 736
918 639
337 946
910 959
342 333
732 349
146 600
64 780
997 111
233 754
252 58
897 417
458 681
117 884
388 828
800 660
798 995
433 925
638 738
307 900
290 714
823 596
863 667
114 390
902 845
288 837
464 345
195 731
217 951
751 822
534 792
958 116
69 787
35 927
53 330
551 511
187 840
540 844
100 811
603 433
433 712
786 204
238 953
355 530
762 831
728 323
946 390
490 538
731 584
876 296
795 215
625 171
410 753
176 637
400 189
912 505
938 693
316 97
300 670
621 137
861 987
218 847
790 345
353 236
798 681
482 968
729 377
842 56
862 447
40 498
741 822
353 93
743 360
840 601
931 866
932 9
571 475
990 259
667 812
448 998
654 602
509 195
55 219
681 664
335 891
416 456
563 668
744 794
862 616
193 506
945 108
302 196
837 406
289 640
146 779
497 613
427 894
125 117
987 326
963 209
601 456
488 143
710 590
607 219
786 733
474 81
169 741
38 817
831 191
579 430
797 507
376 691
530 726
233 750
677 773
414 949
553 783
608 494
241 203
117 840
798 991
285 184
233 639
329 888
924 283
156 139
484 776
838 939
530 504
930 446
721 355
524 858
274 595
30 519
648 194
339 529
670 567
503 258
735 215
203 462
501 237
446 565
285 764
71 207
61 85
134 771
996 997
29 847
442 620
424 47
615 611
946 140
457 425
511 250
551 224
417 811
326 197
952 756
975 216
79 919
52 959
36 122
935 894
737 979
502 757
956 187
171 917
978 287
858 889
505 663
70 329
41 597
278 794
427 700
615 39
818 263
784 251
804 246
992 126
701 602
278 757
218 180
393 589
357 132
508 272
698 192
595 184
443 423
378 606
267 245
395 312
287 766
203 755
164 867
447 484
509 811
849 214
99 563
741 448
744 316
11 377
511 414
67 190
113 812
590 270
330 551
901 50
947 652
311 781
221 900
316 997
320 480
89 37
263 229
811 346
740 332
504 748
1000 657
507 995
189 51
66 958
819 228
42 844
347 907
79 676
669 788
246 191
67 885
300 615
433 323
400 20
697 994
240 851
166 559
260 544
97 322
727 958
543 866
927 57
956 232
957 641
5 884
162 613
469 871
384 471
735 540
206 362
279 490
407 529
968 309
830 241
291 40
334 122
331 987
957 611
120 86
449 864
232 624
14 796
119 173
944 413
589 549
512 753
874 87
968 19
970 569
625 908
590 942
332 618
349 516
557 95
565 364
391 803
813 775
102 727
450 364
142 590
181 236
254 530
627 84
919 914
872 365
93 657
696 731
898 695
131 15
177 974
507 67
436 77
464 272
412 332
939 94
423 833
670 194
358 798
678 761
594 51
407 461
464 269
7 663
13 598
929 949
949 314
56 455
607 43
645 17
973 388
243 909
80 317
868 174
908 709
333 179
753 26
77 544
668 197
564 22
714 903
40 874
403 568
813 849
852 777
445 461
282 864
584 859
145 17
19 520
465 892
193 269
808 254
37 148
131 83
912 332
235 39
628 534
504 981
615 824
157 864
969 414
857 983
754 604
687 268
469 891
110 819
524 409
475 498
754 987
137 861
971 657
840 284
143 600
791 403
813 55
709 230
263 592
456 148
889 930
565 551
513 180
860 229
736 59
537 948
615 333
194 939
637 501
893 107
875 544
841 656
685 799
724 699
564 656
589 195
313 56
295 120
232 40
52 339
470 230
96 535
208 49
924 927
906 190
985 671
927 516
215 790
399 95
384 652
575 22
388 204
595 684
952 447
445 158
48 1000
610 534
296 434
494 437
995 868
192 739
501 359
29 496
571 929
678 967
649 195
834 193
473 879
41 19
259 484
667 483
743 564
201 853
532 767
602 583
586 320
144 179
308 974
257 628
131 79
577 387
416 164
219 646
650 884
283 649
830 681
141 730
176 834
638 278
474 619
240 633
67 760
819 521
414 367
918 762
442 124
25 12
376 248
177 505
175 850
733 196
970 566
21 56
133 542
228 924
929 471
124 733
529 765
453 557
457 554
961 371
320 938
784 461
54 163
772 778
768 113
747 216
807 304
609 553
792 119
521 415
299 89
872 421
360 89
712 270
363 810
413 744
94 686
938 304
479 848
521 208
523 342
399 655
753 375
415 837
378 276
541 23
378 135
674 952
352 790
481 630
852 515
905 244
14 56
930 641
625 31
878 315
499 854
197 344
744 699
140 502
359 706
288 321
182 857
753 947
597 2
501 390
514 598
245 152
847 215
843 960
503 720
678 348
239 894
555 698
478 502
690 134
374 679
781 93
814 772
948 754
681 473
407 671
931 769
845 763
687 452
344 532
770 48
438 162
79 180
588 127
969 176
645 993
91 379
336 642
44 83
813 798
231 575
569 596
988 922
112 909
556 182
685 982
660 244
609 708
848 380
404 426
289 126
533 467
459 426
521 443
258 819
964 433
124 54
65 497
398 315
238 58
720 213
981 195
214 35
397 577
38 893
358 308
350 931
961 334
688 386
856 548
433 821
216 387
126 906
234 948
19 160
517 225
666 813
632 735
670 385
964 742
968 737
461 26
313 556
26 575
687 838
880 376
199 1000
401 49
666 975
412 343
964 900
749 410
18 826
300 720
430 439
477 1000
139 679
500 319
468 221
400 21
899 125
663 12
278 106
120 778
230 371
875 106
434 876
131 788
903 434
230 450
379 900
994 319
168 303
871 79
34 424
549 455
495 843
259 94
46 323
84 754
1 194
495 184
340 971
471 163
789 10
940 106
558 329
465 14
285 315
107 977
279 937
817 322
910 929
16 687
238 500
935 310
773 407
560 44
401 603
159 548
21 707
849 66
617 190
898 721
894 594
787 372
856 802
55 996
812 737
560 266
137 47
484 882
930 372
389 193
997 444
66 78
471 965
97 197
813 356
564 96
161 659
623 455
91 606
792 619
170 323
687 858
598 131
782 74
87 650
38 458
919 311
723 686
632 985
819 533
781 306
395 763
325 886
661 952
4 349
387 111
434 46
109 624
757 127
334 623
226 332
946 85
558 128
770 807
473 605
93 156
79 985
482 917
435 154
876 293
201 107
414 989
738 322
371 407
708 959
67 910
799 321
305 5
736 367
20 536
81 606
121 301
288 932
231 952
337 261
145 894
699 51
183 194
607 477
428 235
581 955
140 695
750 610
707 410
637 500
987 237
863 854
475 945
42 756
133 731
335 677
232 154
158 166
342 323
396 879
989 680
722 293
119 407
623 39
43 815
39 118
77 959
972 46
345 954
790 45
255 964
272 963
204 128
938 236
332 83
631 361
209 408
963 819
32 383
845 267
118 503
65 249
651 606
155 174
806 190
40 553
424 689
652 784
359 584
514 849
806 183
406 667
341 446
605 641
438 744
701 174
902 655
799 737
571 190
883 912
22 858
259 116
706 695
243 587
567 762
35 477
553 24
2 270
689 584
908 814
141 217
608 632
71 408
19 773
188 791
799 404
575 834
511 294
960 212
232 683
654 600
516 601
977 628
634 678
373 434
249 764
698 955
127 743
405 119
998 30
908 370
146 777
609 477
495 240
25 188
119 676
10 296
543 70
659 701
20 897
744 435
871 970
711 881
399 367
534 766
366 834
320 986
372 515
944 132
432 1000
87 40
253 256
717 433
77 978
116 520
711 663
959 69
436 214
332 915
989 942
319 843
413 274
342 184
164 648
865 781
76 108
48 917
431 498
569 213
899 580
627 587
995 239
208 715
502 45
801 314
552 629
730 522
456 853
290 801
114 541
444 68
770 128
892 492
514 676
223 748
899 866
493 631
559 212
562 664
653 815
144 769
731 967
311 495
493 520
944 885
72 739
607 201
387 308
301 358
467 2
144 47
787 695
274 926
439 504
176 656
359 129
253 926
300 320
790 69
940 722
872 808
796 686
871 42
802 559
767 149
804 97
589 757
625 644
2 935
10 490
319 619
799 174
893 863
305 222
435 879
185 896
276 140
276 297
896 71
404 441
615 182
56 659
715 868
367 473
372 321
216 985
214 612
294 418
536 268
342 734
812 73
582 615
108 814
863 942
171 53
253 292
146 670
110 151
275 446
495 347
52 276
720 214
426 65
564 367
213 263
677 648
384 629
248 934
593 378
905 134
502 926
674 989
569 241
477 596
151 791
833 164
818 560
467 482
14 21
553 158
751 590
838 710
707 20
713 736
807 633
45 530
248 610
874 762
122 391
305 685
170 529
10 842
221 19
876 179
382 828
532 807
938 538
499 704
904 646
191 970
14 593
515 44
681 308
655 891
903 429
83 110
252 452
886 767
384 425
918 42
477 314
6 560
170 118
144 297
43 908
71 646
58 291
704 273
98 716
570 326
988 89
556 373
84 610
180 609
552 724
382 331
419 479
646 642
224 869
650 321
717 169
660 282
42 529
6 124
158 75
489 272
820 169
977 123
546 240
674 61
941 801
536 6
595 549
837 928
218 16
320 544
262 711
656 894
643 852
169 989
308 418
97 675
100 818
639 751
860 788
403 334
636 145
670 525
426 719
610 850
810 368
204 935
457 985
657 227
714 788
731 926
40 251
772 180
80 748
843 33
749 270
606 169
13 947
700 310
659 657
596 135
923 209
743 496
836 662
657 13
205 961
856 155
287 239
269 848
753 565
794 209
444 474
796 615
512 770
654 637
359 201
841 90
497 594
533 628
366 671
793 799
645 774
536 148
283 973
489 176
271 426
275 973
774 529
686 189
10 418
34 316
236 826
77 378
64 587
329 556
563 583
362 864
578 172
561 134
418 161
203 701
28 141
744 487
297 14
548 491
904 34
788 90
720 368
721 969
370 57
498 66
483 490
47 757
38 984
359 788
12 815
698 314
151 520
850 529
651 704
947 601
565 10
586 530
725 340
408 807
322 201
584 524
308 404
80 283
544 394
929 704
518 658
316 798
62 366
246 475
528 926
526 185
322 491
985 89
549 888
986 898
199 947
628 807
990 970
536 589
580 930
40 712
964 989
198 233
669 623
920 199
153 536
300 665
861 940
299 886
176 178
732 692
326 77
478 280
481 20
805 177
143 830
207 107
524 799
183 914
40 388
595 466
904 557
547 343
359 237
679 958
258 374
496 981
543 394
597 529
581 124
454 440
965 670
615 141
85 898
980 510
505 986
806 930
10 57
129 124
591 435
242 735
871 104
525 758
175 973
567 95
310 172
422 554
389 307
154 584
450 291
698 13
789 946
537 137
261 265
439 669
871 602
856 30
293 952
223 443
671 451
927 597
125 965
826 280
736 705
448 198
542 436
115 274
929 17
553 925
181 964
316 621
429 386
333 538
593 833
963 703
565 159
548 963
164 536
57 936
386 526
631 146
16 728
553 712
239 221
758 275
27 177
924 417
551 219
985 181
257 692
994 445
959 617
909 388
468 84
607 187
385 676
248 438
339 993
412 531
343 825
930 976
383 40
404 675
848 681
10 806
906 334
406 224
232 889
148 543
341 811
97 113
2 84
63 652
173 60
357 943
911 243
822 683
54 833
989 186
681 761
205 747
794 440
944 357
840 342
270 921
879 671
917 446
81 822
906 673
858 614
988 997
158 989
423 491
725 871
677 964
110 293
295 173
635 582
618 280
730 894
603 484
739 740
370 65
997 597
225 834
166 714
820 867
56 208
848 412
425 509
946 777
448 574
801 10
910 660
217 835
255 927
38 883
275 159
597 480
742 715
566 421
380 392
860 642
934 441
517 239
611 284
338 872
246 353
235 752
952 232
661 704
791 625
874 985
360 627
624 736
610 847
94 196
905 359
891 858
451 953
251 507
553 437
866 148
658 232
221 368
538 932
636 637
654 324
416 723
154 42
670 978
715 711
473 752
628 684
535 48
225 87
528 418
586 120
384 426
742 367
249 714
90 718
641 758
589 664
276 351
629 183
779 320
712 829
654 640
590 770
957 977
524 148
306 741
29 741
404 106
78 65
79 424
119 623
107 979
570 409
580 18
449 560
860 290
315 639
411 636
566 244
553 827
642 540
545 463
453 918
789 716
960 20
750 115
19 448
65 787
462 783
89 149
640 259
643 740
695 807
365 192
421 254
960 608
759 400
264 55
808 396
98 204
311 587
563 298
265 723
804 512
757 992
334 851
688 797
231 505
438 701
761 342
390 244
697 914
292 466
279 180
825 786
447 822
913 922
474 880
26 306
214 488
232 802
49 348
47 313
305 938
415 697
130 55
176 857
122 411
103 118
888 516
301 79
68 366
20 649
222 723
483 849
444 569
836 875
470 569
732 132
570 347
699 53
572 829
81 894
44 134
651 182
476 406
284 949
450 429
785 684
56 588
383 949
374 280
962 560
11 164
107 959
654 382
996 375
101 85
142 553
287 517
522 139
47 756
769 370
128 358
437 484
539 836
77 957
857 853
228 63
268 854
485 424
968 974
436 44
685 591
630 73
212 523
159 824
56 119
459 82
787 370
544 284
966 106
469 21
531 6
18 207
75 386
113 203
698 764
17 992
319 567
213 16
200 901
476 678
645 131
919 484
460 463
391 215
100 934
969 611
827 653
240 33
577 102
647 842
839 226
243 387
182 739
572 447
517 362
740 613
245 129
544 216
356 878
931 520
490 312
974 586
476 379
331 600
981 494
606 21
737 858
560 356
940 601
417 756
417 764
263 555
842 183
849 657
791 160
231 929
32 333
827 166
221 203
107 748
605 101
953 764
326 526
681 557
702 897
581 12
379 931
271 540
954 158
721 761
133 539
228 927
319 288
129 649
253 60
879 344
55 362
718 222
367 52
671 848
870 437
582 633
585 299
458 791
185 181
457 696
742 369
426 329
45 481
531 614
345 447
971 607
788 127
205 547
849 127
655 969
824 331
789 659
973 150
647 341
461 450
303 483
822 697
753 372
181 963
276 937
703 66
688 409
532 377
960 547
252 312
933 969
271 246
919 554
190 994
997 498
10 508
388 449
999 713
621 87
606 437
55 97
4 241
425 92
318 968
875 468
9 988
504 644
256 994
204 1000
687 909
526 5
966 188
930 894
933 13
188 84
524 734
134 918
377 21
89 649
718 860
624 495
151 433
391 486
384 361
585 937
503 834
881 58
273 451
188 611
538 369
789 145
923 835
736 442
176 865
685 32
842 314
774 591
296 666
975 506
27 538
358 456
50 921
767 868
923 708
727 474
603 680
382 301
267 139
449 954
916 977
486 511
197 632
636 700
319 213
195 91
911 433
894 347
552 536
129 889
955 437
812 474
621 614
702 505
793 387
759 820
894 565
739 628
243 613
336 193
579 31
726 338
596 826
407 421
397 719
275 959
563 416
915 479
330 773
896 200
846 709
282 928
47 224
736 939
551 272
717 616
810 154
722 958
875 432
972 437
71 175
473 932
963 221
460 614
89 372
821 683
553 453
628 911
369 548
558 950
135 547
546 902
87 950
182 602
610 1
576 145
751 154
266 673
467 32
841 211
918 441
406 141
583 455
732 899
163 392
445 334
292 236
365 978
923 386
11 844
718 296
441 415
850 197
963 510
447 721
505 544
797 129
551 735
789 166
538 998
225 417
997 771
263 67
893 978
823 691
695 92
880 707
419 449
7 190
30 229
305 474
662 510
684 98
792 903
64 783
525 910
765 9
828 833
333 413
778 122
172 797
508 792
802 100
750 278
846 869
964 400
328 626
768 227
320 546
356 160
997 441
708 556
677 571
488 409
173 780
230 839
51 336
252 727
520 457
776 83
960 656
388 409
65 60
449 157
450 718
878 880
578 968
826 789
386 870
340 225
363 192
754 531
900 387
236 481
734 96
701 105
761 198
523 323
50 29
982 626
822 967
54 637
606 62
314 742
850 500
776 495
80 780
718 845
605 382
184 794
563 790
625 753
992 220
611 961
63 711
979 966
927 430
914 594
664 622
684 657
685 592
461 776
135 203
253 166
183 223
132 851
78 51
560 798
667 530
617 835
121 524
638 43
125 108
81 142
764 901
637 497
362 753
147 487
295 231
958 573
108 880
90 231
738 999
797 854
711 684
355 156
694 922
255 880
631 501
741 149
579 70
530 638
553 935
242 204
260 499
565 31
599 136
378 508
432 700
117 913
42 18
617 441
670 333
623 375
962 820
531 586
778 594
84 445
360 573
753 58
436 498
882 670
222 455
407 179
913 202
550 1
143 757
427 657
606 248
2 410
740 614
857 774
795 906
14 749
951 596
58 933
519 880
574 485
978 530
390 940
175 282
70 68
487 717
745 694
637 992
452 780
163 499
495 942
166 762
151 370
210 970
637 593
818 141
340 697
126 206
71 699
718 402
573 405
44 325
616 1000
33 956
738 583
975 406
82 35
944 458
671 905
159 165
816 148
174 489
253 59
290 39
774 285
557 163
852 952
777 920
466 805
690 919
859 52
938 429
846 818
875 643
764 143
125 96
198 877
181 81
589 116
972 892
313 689
243 392
228 476
177 778
113 916
129 687
311 533
83 844
256 773
235 633
125 549
364 803
185 368
78 741
445 190
707 279
655 31
89 204
588 18
316 845
647 907
796 455
502 32
821 549
679 395
882 533
520 16
773 834
903 791
834 336
799 710
644 945
222 221
778 827
156 618
382 150
420 439
519 997
921 366
794 228
993 589
447 990
948 877
491 778
921 287
318 841
870 778
656 28
729 634
642 67
242 543
993 189
150 362
478 679
192 476
395 81
261 568
867 853
528 245
664 981
385 496
721 740
152 233
494 978
945 796
768 819
306 846
453 525
59 650
711 854
967 744
270 552
676 747
953 362
590 113
811 185
672 326
963 65
674 20
747 694
107 791
271 902
749 923
686 695
447 193
341 846
747 839
592 772
468 583
497 465
78 598
798 847
195 662
616 670
198 619
164 687
91 985
610 619
299 756
491 159
490 957
786 254
256 312
253 374
661 831
4 214
152 865
597 177
670 679
748 835
329 347
539 248
26 477
64 152
463 768
840 809
987 906
678 237
738 88
848 760
430 42
89 740
398 516
481 184
494 941
957 299
395 49
173 380
232 968
212 230
140 75
307 919
552 155
435 513
936 250
481 195
763 725
909 793
474 956
948 639
348 917
956 340
25 430
867 659
269 523
21 154
580 495
871 216
231 889
569 922
301 779
729 880
414 58
931 236
571 85
898 511
499 174
163 443
929 403
379 452
603 943
433 355
210 470
263 352
357 389
507 376
372 936
384 903
759 558
376 641
159 544
660 123
685 728
925 105
817 544
211 817
855 232
221 204
398 283
219 330
94 618
95 823
186 625
995 509
243 576
464 371
462 994
526 535
194 4
912 999
507 55
53 207
494 307
784 189
616 117
584 531
226 772
173 779
74 591
691 754
657 966
105 641
971 162
347 716
277 797
60 387
995 40
759 3
265 721
441 430
578 243
796 190
999 609
691 400
170 442
515 734
330 24
807 542
783 465
495 695
173 463
913 965
339 923
785 213
783 582
623 903
573 174
170 899
559 495
118 885
266 578
140 111
435 541
960 204
67 626
560 561
620 549
248 899
15 867
732 791
698 931
183 169
646 579
1 915
840 144
718 337
832 724
45 217
730 611
840 255
814 856
515 457
845 882
849 375
776 955
801 687
341 691
413 198
949 820
163 995
115 474
333 47
910 897
358 578
108 881
234 564
791 747
896 293
989 676
318 300
176 453
911 281
705 136
243 431
703 562
769 737
472 18
761 843
467 720
575 703
147 930
407 492
483 90
982 96
269 459
218 277
77 239
238 976
497 362
649 117
338 814
765 961
969 912
550 183
576 542
888 800
511 958
355 229
810 339
338 592
431 169
112 109
524 629
580 988
635 283
738 45
907 465
248 268
654 258
73 536
192 211
943 800
816 987
729 492
717 693
767 108
314 874
627 697
556 39
675 367
782 529
1 364
274 856
41 611
561 372
899 235
392 504
106 27
876 555
37 759
96 29
889 976
46 383
965 363
659 848
327 838
71 984
609 465
543 66
852 201
180 548
714 141
744 439
917 1000
168 807
996 277
245 775
910 925
858 338
146 694
203 555
384 847
313 95
918 652
281 761
446 835
458 759
63 412
764 255
657 723
470 118
243 568
445 844
69 864
126 915
957 274
34 741
364 796
256 599
99 473
869 677
373 219
623 394
683 801
830 208
928 430
878 316
716 175
130 518
113 326
739 22
297 15
389 551
247 791
749 433
170 770
383 247
278 353
946 311
529 485
402 453
792 837
444 200
445 353
430 15
707 503
13 432
922 943
454 256
353 115
120 866
50 181
343 536
898 71
662 916
225 185
542 686
463 355
413 586
767 145
783 860
793 980
666 74
371 192
188 922
542 569
562 171
598 853
603 573
404 226
611 714
831 517
308 55
853 777
380 737
892 99
499 311
298 572
780 980
438 96
34 210
676 645
953 504
172 164
506 938
158 83
396 860
453 669
882 257
276 250
638 834
852 286
57 13
495 359
502 577
39 58
96 724
741 172
394 431
837 857
363 666
274 137
483 5
251 33
714 651
498 987
648 789
521 233
939 278
838 536
950 906
517 125
277 7
815 376
193 25
798 764
89 88
218 636
94 203
97 613
298 436
139 888
890 466
469 301
472 511
550 78
628 794
477 882
539 251
268 317
84 212
467 196
32 871
218 670
115 758
645 507
852 209
376 266
615 100
790 283
459 553
1000 851
782 687
490 385
172 761
315 214
1 315
940 690
409 14
597 613
528 52
585 165
624 397
550 613
389 593
28 855
459 902
900 771
524 151
357 162
395 461
932 700
805 650
771 630
833 149
168 705
667 697
392 597
862 1000
486 409
489 395
698 81
555 440
389 264
63 865
323 12
569 740
823 683
609 763
223 623
356 76
824 406
167 20
336 16
392 258
985 645
158 361
788 160
882 7
648 979
725 268
820 241
753 306
384 597
152 561
869 364
278 329
584 193
437 720
96 990
834 68
943 346
981 915
178 992
143 354
459 905
404 55
619 631
163 990
638 953
773 776
286 981
88 124
325 881
951 989
348 566
705 243
190 613
676 468
434 43
164 128
370 941
117 96
699 791
494 397
844 625
207 147
121 214
395 813
322 839
476 176
942 682
845 156
46 390
103 115
912 96
635 271
555 984
130 165
97 446
150 160
983 528
208 239
270 933
841 47
506 995
77 485
224 39
611 693
245 671
854 807
233 191
175 836
702 891
918 788
703 518
560 784
436 778
334 272
659 676
719 808
580 226
696 564
747 595
846 165
974 414
686 530
745 54
780 627
360 468
712 137
141 935
440 460
602 514
6 495
707 142
690 832
489 641
261 51
427 215
432 559
397 563
381 516
939 176
815 621
366 21
303 441
233 533
713 771
809 604
223 246
613 826
834 57
545 202
14 183
470 309
308 400
38 9
62 131
782 184
933 820
969 459
353 426
299 588
840 900
71 224
610 882
856 747
668 86
134 798
670 764
770 994
218 679
627 769
259 123
209 1000
247 592
769 652
692 963
841 399
434 975
697 947
795 323
279 213
581 437
122 298
771 101
762 545
277 500
120 839
657 382
20 586
348 943
277 357
446 880
268 168
257 153
420 371
442 151
25 101
44 327
597 541
694 393
498 801
1 156
185 623
370 405
701 591
98 996
120 148
223 880
502 825
854 450
401 848
238 343
465 73
484 243
942 151
441 32
974 506
760 834
337 919
489 748
107 813
208 132
655 970
177 959
329 912
492 580
730 952
488 291
930 326
803 556
935 968
705 718
180 853
963 786
838 930
565 106
401 301
115 853
812 565
302 543
503 362
116 58
804 869
472 198
255 709
190 880
999 714
601 175
734 653
181 531
988 14
281 975
723 764
351 199
186 840
430 306
612 29
330 974
664 639
903 785
373 714
445 271
840 783
433 463
339 598
942 312
545 530
670 248
269 946
550 269
114 843
957 261
26 153
467 9
240 701
757 104
724 103
796 564
675 701
767 3
839 630
511 449
115 936
667 769
136 855
90 758
220 117
665 224
593 755
335 804
796 730
11 946
344 649
932 266
491 554
475 161
629 832
997 748
619 310
379 589
628 8
617 793
673 543
358 297
319 613
333 101
480 679
355 565
651 64
634 776
747 539
586 663
113 763
630 928
690 953
548 559
508 124
642 564
807 210
539 912
11 463
363 780
949 13
533 334
760 572
726 337
388 664
801 14
855 183
638 573
769 552
899 649
366 352
111 952
526 936
179 319
398 95
924 227
709 883
947 770
285 951
91 584
240 142
189 219
407 132
602 372
291 695
23 945
212 403
208 334
749 404
696 352
772 221
919 158
776 152
10 996
717 739
311 462
294 536
616 614
581 508
230 666
1000 965
178 1
567 569
126 475
628 569
956 112
795 434
466 260
448 775
654 507
681 319
701 804
31 253
840 862
519 600
82 199
390 660
324 152
384 349
707 601
854 792
698 730
966 746
290 139
163 235
185 935
662 147
556 370
404 135
410 528
283 770
904 540
183 357
976 517
149 181
281 485
379 454
710 638
414 75
256 142
996 351
65 683
872 709
42 685
168 992
388 945
945 536
51 665
858 267
566 200
270 437
682 989
872 483
526 618
432 516
881 363
937 553
741 207
561 601
800 767
124 199
786 830
569 54
900 266
181 824
831 220
833 377
764 407
325 717
507 166
623 348
113 35
666 779
406 518
238 873
914 45
471 944
807 826
222 494
292 65
260 207
578 94
728 367
856 292
72 609
720 19
806 118
517 481
16 734
481 289
632 991
471 733
30 864
354 528
238 647
169 412
843 332
330 105
277 622
153 944
946 79
286 756
1 612
527 675
192 201
16 39
568 532
715 743
562 14
527 764
987 551
791 238
680 221
202 641
296 710
79 197
309 576
774 522
650 524
633 332
932 94
154 863
871 254
278 692
262 201
210 969
418 75
408 77
618 442
158 25
511 524
902 392
685 792
724 706
179 374
306 999
570 40
573 375
555 308
485 323
547 728
87 243
949 212
590 222
80 99
759 701
854 339
547 681
252 417
750 416
57 181
11 882
99 302
100 253
691 562
284 484
450 924
582 989
330 614
475 627
773 56
78 652
320 432
527 457
702 991
707 298
682 98
666 879
114 352
170 414
155 494
374 150
247 156
566 528
273 927
317 78
411 9
305 526
190 921
765 944
363 272
861 561
221 658
916 950
496 447
540 106
32 817
233 338
662 573
500 462
162 851
986 673
199 716
239 867
745 810
800 421
417 775
399 915
753 635
681 486
610 452
439 402
505 570
412 810
269 879
589 890
954 457
554 527
41 976
667 804
923 478
602 787
676 62
914 759
244 500
888 444
63 740
796 759
727 605
158 712
539 977
126 92
114 712
386 431
85 909
585 461
659 850
556 314
977 267
558 280
870 478
360 275
337 5
813 783
798 588
15 660
570 93
812 498
885 676
615 511
380 44
417 30
146 696
792 126
422 265
149 463
800 601
878 134
327 644
788 234
18 269
539 725
227 129
579 180
691 434
800 807
431 267
126 913
753 249
310 668
756 964
759 423
961 276
337 594
47 859
164 517
630 432
959 950
308 610
875 404
680 571
830 161
243 969
905 334
283 46
691 349
216 123
843 54
141 862
204 996
819 1
767 351
683 606
226 159
306 39
606 106
383 471
153 872
390 911
265 858
107 17
749 610
398 734
202 487
314 669
705 452
814 230
603 785
340 361
378 548
89 943
936 144
240 525
64 379
504 114
802 553
231 961
207 294
49 122
770 442
618 208
603 684
620 518
380 739
398 632
2 707
150 587
864 175
172 166
985 909
103 638
243 313
362 564
140 250
560 469
504 445
887 785
829 885
876 966
116 618
604 967
82 985
569 25
454 629
146 442
240 417
826 424
497 227
26 868
82 872
104 304
431 303
492 335
227 10
544 344
215 565
679 330
203 21
187 904
933 659
565 367
957 328
221 681
9 701
853 36
212 412
123 715
341 368
477 60
41 108
853 405
47 450
892 637
622 594
39 862
965 860
455 558
719 365
66 715
804 429
934 600
652 233
412 786
953 862
918 44
426 806
103 222
585 171
366 628
685 596
323 835
551 731
988 87
756 43
44 159
361 37
767 917
272 530
127 522
366 640
334 240
364 1000
266 112
768 786
508 163
671 858
243 182
798 210
236 526
569 746
637 529
661 186
75 245
21 347
243 295
234 53
345 507
788 51
517 923
490 91
646 49
575 149
612 111
372 752
177 966
412 292
18 450
200 545
575 250
398 393
455 168
593 463
463 685
903 951
561 681
527 500
937 458
740 409
43 699
429 670
213 7
986 825
473 234
200 878
956 721
978 889
314 380
969 586
143 669
977 731
105 928
246 147
53 438
965 687
568 311
2 293
980 44
16 393
61 375
637 984
728 940
267 280
808 4
754 832
439 62
353 953
395 188
359 199
624 348
513 920
439 175
651 463
724 783
176 813
567 851
188 604
135 199
661 765
763 976
492 926
76 733
183 219
300 21
765 199
712 941
768 847
837 731
16 627
716 540
879 432
816 970
566 58
107 835
884 393
977 89
621 9
119 364
566 213
559 983
773 261
665 644
738 736
725 636
707 1
138 780
674 202
384 644
422 460
355 955
667 451
91 917
735 452
320 433
624 591
198 438
170 415
936 766
360 545
325 561
524 256
273 926
278 489
423 720
227 467
681 186
739 76
189 115
744 726
984 101
493 588
948 448
696 281
520 199
577 490
249 73
583 212
106 534
844 512
248 271
157 939
732 545
159 458
438 956
974 610
166 623
795 381
465 626
620 238
456 331
534 218
900 528
832 998
82 253
482 547
690 508
304 271
306 501
70 990
699 374
758 919
313 868
889 868
712 832
504 454
858 797
585 99
276 284
986 306
124 614
381 113
737 281
974 222
189 958
449 718
780 819
430 652
580 172
954 10
917 134
404 47
965 541
671 171
693 495
380 191
20 127
138 206
833 653
896 62
932 980
60 915
772 630
479 971
876 162
816 861
271 991
332 31
504 879
24 246
158 423
164 800
609 771
60 753
646 136
740 115
281 792
321 219
393 246
90 392
436 188
424 732
388 63
317 399
100 865
484 640
549 548
786 150
90 315
362 290
350 233
976 706
967 106
182 934
166 207
60 326
151 889
958 379
32 239
606 329
755 370
2 159
300 740
725 197
728 958
155 152
851 769
767 303
3 92
597 876
302 72
328 451
970 926
866 863
280 614
836 635
250 488
838 770
736 447
457 178
139 362
158 666
197 176
905 440
625 701
278 787
379 734
328 48
183 146
147 97
840 171
785 734
237 677
720 641
257 389
43 500
940 126
633 500
637 452
512 669
508 152
438 375
200 296
699 862
993 637
426 278
808 763
564 592
488 535
95 590
224 557
228 109
530 563
511 394
167 194
560 358
281 843
512 217
640 398
199 301
902 969
293 696
954 610
77 721
605 911
768 482
714 310
389 870
47 894
947 772
341 29
91 586
511 845
166 152
100 916
229 712
930 701
532 601
540 868
577 33
463 780
572 380
165 946
205 348
709 241
74 124
865 351
294 617
279 287
675 714
724 904
329 10
572 66
754 861
701 802
80 948
549 382
864 256
538 193
903 315
652 800
961 718
324 154
491 635
954 369
843 194
421 860
387 580
72 194
951 92
900 782
371 78
223 842
578 839
928 890
693 438
174 503
824 699
869 213
210 466
514 762
307 660
234 476
721 998
828 862
150 694
302 921
552 707
864 938
86 931
930 285
399 66
756 543
6 288
726 371
491 87
564 249
915 401
520 383
424 660
644 831
999 703
156 123
98 88
415 990
108 348
329 537
75 109
661 750
773 996
852 931
636 842
138 685
915 367
393 780
939 533
647 860
190 665
340 238
628 889
409 435
306 29
456 626
22 801
763 269
408 757
705 353
729 363
692 921
509 467
236 365
280 181
348 855
546 790
283 676
88 268
218 915
365 800
649 763
598 694
33 826
340 674
97 435
832 778
10 474
706 879
550 900
876 923
528 162
859 656
753 714
51 857
849 474
617 838
251 576
905 602
675 34
56 594
628 66
758 709
542 790
358 759
732 416
368 883
537 182
116 909
669 433
432 964
968 790
493 293
829 843
854 742
668 638
104 107
285 170
381 513
807 101
973 381
265 390
104 250
947 606
380 351
878 458
312 999
857 703
212 640
14 100
90 292
661 657
810 61
852 592
568 107
29 455
326 267
753 61
611 427
777 285
942 577
486 589
452 706
964 949
749 457
537 873
19 446
369 901
62 480
304 708
391 577
217 377
326 53
661 996
64 196
249 72
273 328
90 924
978 374
917 592
165 731
404 517
62 685
805 779
528 480
784 122
13 360
89 962
701 731
116 45
723 127
872 835
638 366
737 175
956 399
813 18
588 339
465 428
301 830
324 97
306 724
328 100
111 859
132 828
760 103
561 74
45 313
67 257
604 40
107 512
439 961
830 400
347 174
899 751
660 725
372 523
980 842
485 276
452 483
163 528
549 307
719 559
355 760
707 111
399 21
129 561
775 414
815 669
251 936
824 192
436 14
173 941
778 273
212 565
950 537
712 714
458 469
722 690
967 212
894 844
146 118
448 370
29 427
748 965
217 187
978 408
772 85
44 956
482 17
855 720
434 140
752 159
435 157
572 490
496 825
642 230
412 763
737 670
184 522
465 947
62 623
781 195
386 562
992 972
211 438
260 566
118 774
447 884
973 396
782 727
162 996
453 35
991 551
206 485
323 587
508 725
590 527
685 265
931 321
106 232
803 194
406 746
553 49
622 642
791 381
228 603
362 897
115 203
975 369
953 628
33 716
654 862
258 631
354 896
82 403
31 350
218 594
958 623
320 911
210 495
194 1000
603 332
470 837
733 961
133 795
303 509
450 177
638 838
99 39
882 140
391 612
198 834
271 50
904 389
372 781
506 763
103 943
401 381
332 403
425 375
7 677
564 230
394 570
144 665
731 383
493 928
739 856
706 51
713 937
38 84
601 136
303 80
46 429
169 20
264 352
191 655
769 480
715 1
202 212
735 66
293 251
496 505
443 706
377 74
305 677
344 189
161 857
456 599
810 422
814 294
140 241
396 75
272 57
71 459
734 25
917 551
224 322
524 847
856 103
912 233
940 223
331 759
336 795
905 542
720 945
700 255
6 552
253 811
129 403
918 157
673 734
72 731
729 714
767 774
196 108
345 686
931 147
710 188
771 634
439 920
423 311
779 39
599 702
881 957
611 226
407 734
694 1
806 719
128 482
594 365
208 176
694 944
972 818
668 539
778 503
114 851
907 729
307 949
113 966
260 261
635 549
981 701
855 852
656 886
713 875
716 446
26 838
392 100
428 866
881 74
712 314
957 207
143 366
146 190
539 445
669 818
598 152
812 304
769 836
350 49
353 499
795 196
777 369
874 695
136 571
164 317
351 937
615 588
84 244
411 332
140 262
736 683
697 923
939 818
335 421
173 458
980 46
448 247
729 362
287 326
10 342
206 434
61 373
245 456
999 231
727 852
288 735
589 851
291 144
787 759
274 990
844 177
305 60
487 268
969 21
128 531
435 657
862 744
203 800
122 620
44 351
483 969
671 770
174 302
949 748
509 165
357 881
12 268
494 259
936 904
422 951
390 401
447 320
105 121
802 817
15 524
110 394
92 145
578 936
261 396
48 471
512 326
589 360
113 567
475 904
862 804
42 765
8 933
445 720
390 179
949 160
162 178
181 214
555 297
424 821
332 870
851 706
579 158
394 257
68 696
612 850
751 101
996 92
816 810
502 653
673 151
303 468
414 983
588 262
475 711
459 250
721 227
906 521
372 837
549 634
802 356
470 478
169 801
744 939
742 650
621 475
751 680
576 740
631 134
887 105
905 198
708 669
587 292
532 419
290 786
39 685
888 805
260 174
62 278
579 904
925 652
268 657
821 971
571 808
809 744
541 476
31 626
100 778
677 140
112 98
38 382
648 414
38 293
649 939
999 785
585 549
303 878
531 459
404 663
44 654
316 491
835 961
748 422
931 670
92 642
963 457
633 930
396 482
235 138
241 969
862 309
535 113
538 151
700 617
874 367
512 998
126 240
989 174
404 868
446 704
28 868
323 652
513 460
440 944
590 872
244 394
63 630
923 753
125 425
362 829
456 186
556 309
334 191
410 599
694 175
705 952
608 44
264 604
466 926
305 484
328 835
578 575
885 673
7 781
500 577
163 891
513 904
237 882
953 193
778 60
427 166
47 657
48 721
569 563
878 133
971 549
935 70
539 825
299 480
20 856
583 592
341 805
554 342
443 475
962 211
982 22
985 370
804 786
52 95
330 665
460 260
703 216
373 741
211 615
925 334
907 975
18 970
380 467
445 41
801 305
694 144
571 967
143 678
810 161
194 952
459 804
65 510
891 950
758 881
791 843
973 676
709 590
340 39
657 163
805 123
862 100
865 448
151 89
62 620
333 8
951 694
701 939
39 772
776 478
830 529
799 482
966 81
73 134
736 450
398 733
405 335
499 668
606 220
943 963
158 521
235 374
954 488
934 642
975 82
634 336
984 703
519 641
280 774
137 899
201 260
849 400
547 885
560 845
948 256
859 731
917 55
495 31
970 238
189 713
324 469
827 278
149 270
650 293
997 970
211 573
971 739
76 453
212 364
404 444
480 554
194 792
712 197
774 29
902 230
809 143
360 191
509 514
591 708
191 202
488 259
722 494
588 334
554 330
327 176
136 255
209 479
742 707
636 66
15 169
990 729
630 608
830 102
563 425
757 611
148 661
151 814
51 234
973 228
255 330
769 895
458 168
97 632
723 668
905 367
139 895
502 177
620 364
782 999
482 165
728 181
602 658
473 990
754 633
226 190
769 666
303 477
254 272
22 138
410 88
563 914
286 559
610 395
850 410
62 874
650 825
819 685
6 553
334 426
292 352
470 698
309 616
236 952
439 245
483 829
484 450
253 155
474 728
206 604
499 7
63 910
465 491
63 509
771 339
145 526
480 744
614 15
372 430
671 220
604 17
383 878
684 89
157 247
105 190
579 450
632 440
171 84
432 568
860 600
989 892
422 423
583 536
985 313
935 159
388 98
464 760
47 943
459 63
578 43
788 542
382 645
881 218
666 902
957 133
834 240
156 996
971 41
430 366
805 611
435 212
164 318
772 189
60 255
227 662
571 749
398 635
169 273
540 288
249 35
527 986
274 588
188 138
524 876
373 130
933 288
148 616
476 141
546 629
956 430
598 692
505 747
977 631
614 382
561 322
729 692
180 808
589 692
2 868
752 425
222 731
940 802
542 634
559 696
357 880
654 868
474 700
182 101
348 149
372 275
102 908
654 791
399 492
149 593
232 373
231 633
894 267
826 43
936 679
585 439
779 211
85 696
125 839
590 179
59 569
171 35
688 151
925 214
758 379
214 135
821 485
823 571
384 744
646 16
388 800
983 433
164 783
420 657
95 785
223 364
501 586
18 180
626 33
679 41
720 38
4 999
942 869
803 789
756 405
169 177
869 540
193 43
564 78
605 870
200 909
539 408
36 694
771 317
610 783
752 196
843 159
992 691
972 576
158 113
848 567
558 902
249 78
89 693
683 431
991 700
829 177
499 530
192 186
249 63
302 51
841 259
842 44
787 677
2 183
844 914
389 376
510 548
926 900
348 391
162 561
269 875
202 350
850 354
424 37
463 405
11 828
657 258
235 282
399 701
455 785
791 347
580 414
773 423
714 865
521 18
270 361
440 448
194 531
675 192
112 924
665 474
663 611
449 583
985 949
161 203
452 350
881 580
988 824
94 891
475 919
257 344
77 119
378 849
694 974
159 564
168 948
211 851
547 760
307 639
272 906
722 398
815 671
617 380
582 930
167 168
657 614
513 730
167 313
317 396
669 983
318 191
835 467
553 678
327 55
176 554
167 398
971 96
520 392
722 978
429 628
341 344
325 931
877 374
109 780
83 657
850 461
749 316
736 741
814 264
955 469
823 839
840 643
714 164
365 708
757 194
151 457
463 75
529 249
32 575
880 787
311 135
496 524
460 943
683 42
969 425
349 481
847 102
480 112
949 690
913 644
879 561
97 505
858 764
951 117
40 539
779 428
139 77
582 435
675 111
571 78
348 349
167 699
998 131
299 376
180 518
842 663
223 736
774 240
834 519
393 859
417 77
884 349
217 680
971 627
884 460
595 531
618 656
214 207
803 638
695 564
904 391
82 981
907 524
52 141
643 866
517 837
550 941
649 469
890 611
54 809
946 657
277 913
648 795
164 97
122 824
892 292
934 1
863 485
905 285
504 760
69 608
443 599
647 885
563 326
675 201
644 13
611 114
246 139
835 890
395 601
507 733
805 30
603 512
639 305
143 985
102 62
500 177
981 430
31 875
788 822
992 857
205 932
555 677
225 110
226 385
330 419
336 940
667 992
859 536
953 723
383 698
756 128
495 860
921 109
684 308
225 441
758 589
474 666
31 431
470 901
552 734
703 633
63 798
102 880
627 179
721 842
447 12
105 189
915 982
988 736
293 918
974 311
655 471
872 345
251 884
364 557
73 936
147 177
241 318
459 323
978 801
466 649
361 862
364 700
186 632
354 486
247 401
660 864
990 555
954 517
833 380
65 234
352 428
424 663
902 660
830 3
579 769
319 538
765 566
630 508
928 118
579 575
373 943
654 15
419 842
415 761
566 811
505 167
57 713
222 13
169 391
118 930
635 372
265 628
821 663
199 743
934 926
904 733
283 264
70 80
53 942
339 554
670 830
948 701
480 73
300 673
509 825
788 953
861 29
441 45
455 812
944 343
466 7
654 762
76 842
25 60
908 321
529 636
676 997
850 48
29 717
522 350
580 232
525 142
310 841
257 371
587 781
452 394
347 244
755 243
332 864
958 948
337 830
581 595
983 451
949 223
797 411
822 356
806 459
755 273
539 716
77 773
673 6
109 116
368 306
646 307
977 904
800 911
998 870
577 327
401 212
603 6
749 53
715 237
458 158
598 51
687 771
688 675
303 10
600 906
969 618
861 524
383 216
899 883
826 817
222 94
758 444
504 927
265 583
140 341
892 562
765 828
201 833
469 761
972 506
757 892
386 226
244 929
795 83
190 523
156 751
715 344
793 566
334 598
575 956
457 730
185 452
487 435
92 668
377 905
956 53
615 848
656 153
729 501
516 445
511 299
918 121
166 754
210 962
634 259
828 379
141 432
568 932
310 489
685 179
634 685
675 485
897 931
992 111
370 399
757 289
465 417
48 151
746 50
642 153
380 289
101 158
875 619
931 173
844 197
937 936
901 525
168 671
190 476
158 126
20 123
497 882
962 412
138 202
926 99
99 659
725 939
119 332
764 135
689 879
165 524
169 609
422 413
321 181
522 39
190 137
756 13
66 491
910 646
848 57
955 767
981 883
194 71
786 771
899 544
719 80
920 709
80 354
62 214
172 55
164 514
117 750
304 901
66 828
65 213
325 529
900 45
460 484
479 280
541 269
744 679
985 131
218 530
403 636
300 736
242 596
736 742
684 894
683 597
387 400
481 477
193 449
175 337
587 177
805 202
304 267
2 233
221 403
884 597
743 306
303 765
438 924
506 683
279 356
488 653
283 846
76 940
184 986
993 68
103 177
659 919
235 505
932 417
259 376
96 950
174 356
505 531
384 230
457 912
791 495
686 259
427 804
266 475
241 678
208 425
444 873
664 844
202 823
78 226
893 39
967 736
879 500
592 734
259 801
760 868
246 947
805 581
750 259
806 126
298 1000
890 654
821 476
20 381
781 894
854 412
459 132
88 730
750 204
934 439
368 378
167 476
904 704
668 327
857 157
649 182
711 55
804 534
640 607
300 410
957 208
460 520
890 181
340 214
360 652
909 410
403 920
66 546
288 488
930 923
808 271
644 925
810 421
282 250
67 864
733 299
770 855
884 681
982 725
499 717
980 132
356 958
414 251
788 823
101 530
28 648
328 370
898 34
455 843
577 609
609 729
248 41
926 620
840 493
738 404
504 778
633 186
465 344
305 247
570 333
219 873
789 173
849 498
496 870
997 778
779 459
395 450
803 449
162 459
310 243
936 574
556 255
507 641
423 304
831 439
375 539
965 445
676 672
431 604
275 265
295 250
720 356
811 191
974 281
