870 2690
411 480
593 130
97 219
198 374
474 336
449 815
654 585
497 100
775 20
746 132
605 553
455 754
243 130
868 204
815 455
270 535
161 865
91 118
315 523
131 554
48 254
709 684
759 31
177 478
458 379
572 154
206 724
137 568
657 402
825 218
717 248
314 128
26 406
172 230
488 734
664 344
20 82
76 87
778 130
567 849
89 786
773 531
444 143
528 730
359 28
749 73
862 461
706 585
50 229
803 500
345 377
570 457
184 494
241 184
295 709
648 29
170 794
10 631
728 235
842 677
718 112
704 217
790 527
446 424
30 555
425 357
497 368
794 454
524 35
484 480
760 281
801 835
606 611
609 624
550 731
742 99
337 853
637 279
432 154
693 208
383 352
244 415
760 265
858 239
486 550
34 734
734 631
623 703
439 622
606 474
865 388
870 278
175 741
70 389
798 245
685 675
428 71
429 847
301 666
307 578
124 3
548 621
805 719
496 756
532 9
161 504
143 759
203 734
479 240
361 158
417 156
843 152
807 573
556 694
703 746
261 259
407 484
502 279
140 302
517 594
439 809
224 625
650 568
266 378
615 210
697 796
810 200
313 624
480 277
335 498
502 667
86 529
784 445
808 425
221 87
336 308
542 691
467 737
12 214
514 176
271 237
534 813
22 854
371 858
407 509
634 675
483 75
802 631
487 254
860 859
862 595
205 159
26 140
543 188
140 180
22 527
10 213
266 187
838 182
771 590
591 337
794 56
279 5
814 752
214 795
251 434
43 180
707 272
356 799
15 847
805 617
20 564
596 760
479 388
428 44
284 150
639 698
472 52
179 504
308 167
787 249
286 573
771 550
115 96
5 129
388 340
653 107
690 118
416 192
514 275
457 130
790 76
167 870
713 484
73 498
659 26
336 620
243 680
500 588
841 418
474 758
628 58
663 517
656 802
511 630
270 282
366 541
224 831
563 148
417 629
866 680
833 315
262 383
639 731
752 437
141 841
352 157
867 411
341 236
98 462
192 129
98 110
267 555
378 488
788 255
2 158
721 737
421 600
703 443
264 819
581 314
799 375
654 85
829 596
682 809
154 315
317 221
725 192
266 39
513 443
660 235
18 858
282 649
113 77
691 65
303 69
24 263
310 36
557 430
391 472
448 818
505 327
311 730
607 793
208 589
669 752
306 124
316 795
476 522
277 727
575 762
118 398
245 318
286 799
86 104
161 220
568 268
788 431
376 615
568 70
11 33
346 67
555 381
112 709
483 659
708 344
563 748
141 693
475 215
439 453
154 87
173 153
467 794
802 715
752 764
179 568
81 205
639 113
174 840
380 530
414 225
570 123
513 677
59 408
393 185
266 440
269 274
146 95
22 255
638 725
148 577
332 56
813 305
28 206
676 290
486 492
369 403
662 483
277 729
100 712
446 387
307 302
18 839
790 868
866 470
520 157
406 637
616 145
219 794
18 726
493 226
460 442
28 515
433 514
85 38
846 468
423 317
341 207
864 270
42 108
626 756
358 353
59 406
612 640
387 578
288 147
640 696
788 833
823 706
129 15
734 287
137 516
737 125
639 128
514 740
367 504
331 747
244 373
236 448
32 716
783 348
187 40
632 214
504 404
654 540
698 449
614 671
44 262
264 52
122 840
376 643
506 574
752 826
489 676
382 452
398 163
832 652
811 243
363 862
453 12
862 360
789 712
59 141
852 777
687 263
194 2
233 853
143 570
700 325
244 633
283 399
153 559
587 867
553 61
554 782
9 293
711 706
548 189
811 549
353 397
244 799
600 239
69 601
287 237
515 691
1 412
680 412
292 578
459 210
868 126
585 257
640 367
454 587
368 264
220 809
221 597
118 530
302 751
34 549
625 315
805 578
391 556
565 220
307 196
418 532
259 361
137 575
425 663
139 783
322 46
568 479
228 502
473 797
718 522
630 696
166 733
633 575
116 789
599 247
801 36
123 749
550 98
493 413
544 258
742 741
640 160
234 459
628 418
618 74
33 424
652 421
28 2
85 95
766 607
803 102
15 329
53 497
384 797
156 305
636 862
31 388
752 702
642 660
493 667
39 531
78 161
542 784
263 305
12 631
54 206
72 474
664 713
94 492
480 58
796 368
102 161
411 345
144 759
363 509
197 718
143 820
389 508
144 602
360 569
271 525
625 390
254 640
466 7
793 722
799 849
181 529
864 329
832 604
502 226
264 190
696 273
231 328
366 690
666 98
373 426
31 84
783 115
715 428
402 737
403 383
97 312
777 398
265 354
637 233
801 272
771 127
80 431
614 86
265 56
376 864
86 373
176 600
791 810
443 498
457 569
639 59
345 251
595 200
809 31
671 664
833 747
110 702
43 214
184 410
728 24
330 284
523 249
712 524
819 368
857 549
529 263
532 542
438 403
634 132
135 465
304 270
450 293
674 846
13 362
604 198
573 861
708 164
106 25
676 496
513 613
383 56
721 55
131 624
614 684
460 823
617 659
466 129
251 343
760 432
740 305
5 813
726 307
586 55
697 604
723 753
49 454
249 573
515 225
183 680
238 685
441 39
539 176
7 735
698 505
789 371
594 237
524 731
797 499
448 814
300 192
252 515
787 325
863 598
99 806
631 1
624 230
680 24
721 775
259 448
657 62
797 682
564 715
251 7
568 376
768 261
471 538
13 848
315 412
102 68
339 449
396 174
416 596
236 301
228 422
795 464
621 786
255 798
110 119
240 647
224 833
578 733
81 275
797 125
301 835
503 92
820 770
606 328
615 412
662 151
450 270
269 32
804 365
789 276
681 846
261 683
869 17
546 555
122 476
603 550
396 754
275 515
669 837
140 162
416 789
597 734
122 584
170 288
827 674
58 211
810 649
117 270
576 497
82 301
707 377
654 197
14 243
736 301
313 442
594 400
116 7
579 508
778 660
779 238
105 696
510 283
424 173
383 322
322 427
12 870
421 238
805 415
93 72
163 112
388 132
317 298
431 294
714 654
509 752
351 85
648 421
431 414
837 549
144 575
777 214
401 160
681 419
38 95
3 75
811 150
666 194
462 417
228 108
436 430
495 27
335 578
525 526
693 604
568 421
453 755
311 14
591 317
777 593
460 619
186 811
581 188
400 439
535 336
784 225
556 535
460 444
525 235
33 728
19 391
241 224
646 223
354 10
279 372
428 159
577 607
438 799
778 191
542 641
372 460
51 464
676 17
129 847
687 743
46 142
30 594
590 828
111 214
777 463
836 719
107 509
161 626
368 661
167 682
813 862
777 344
211 43
292 339
575 69
706 29
708 109
416 745
486 665
215 480
625 279
39 855
206 157
244 80
797 719
784 778
491 383
606 73
358 486
439 418
385 623
405 612
467 538
619 277
251 287
23 357
432 259
818 498
109 517
590 620
316 539
751 214
809 654
613 209
85 67
250 744
126 458
642 753
515 326
220 525
134 686
637 369
414 32
311 566
554 550
98 746
691 396
322 569
50 658
414 179
182 769
794 120
480 603
136 301
7 655
66 512
638 323
400 226
114 176
684 228
614 663
800 545
357 694
640 66
568 671
309 750
626 480
99 685
279 299
857 12
806 793
810 695
409 118
619 518
160 347
289 374
754 66
20 386
186 445
80 738
821 120
434 41
471 428
452 288
222 749
374 375
11 395
855 10
867 605
590 792
680 625
581 352
545 775
819 160
345 643
364 456
113 261
207 2
193 365
195 724
749 368
147 588
379 790
315 288
4 422
20 195
259 704
832 696
100 401
564 125
346 618
784 92
691 275
780 450
711 576
322 860
533 193
738 340
838 278
88 385
696 267
162 437
166 403
538 664
26 853
82 748
618 458
106 592
857 824
624 584
306 603
72 298
742 640
239 860
633 491
497 374
116 563
392 337
319 565
179 10
74 4
400 401
56 339
627 540
421 688
705 631
83 433
174 88
820 413
434 829
398 815
844 158
40 839
518 475
10 636
409 700
449 639
801 632
126 527
166 260
58 352
644 559
99 446
627 576
786 745
469 587
342 715
533 408
396 374
556 3
833 245
409 304
689 19
183 866
408 632
104 668
68 127
314 155
668 491
280 476
711 24
2 406
19 556
665 372
426 320
744 475
762 38
302 520
822 377
235 433
435 787
258 853
246 421
543 177
157 534
641 425
626 681
771 103
188 728
778 415
622 819
827 844
776 201
744 733
379 417
196 194
827 758
5 447
189 306
834 604
500 632
138 199
656 520
99 61
209 218
801 289
769 344
37 837
244 319
355 276
378 418
785 643
148 520
460 188
523 19
84 173
393 205
109 233
566 472
471 540
331 771
708 254
818 275
527 39
91 617
717 426
650 101
637 328
746 394
269 783
787 251
203 822
389 96
816 724
643 773
571 480
699 279
725 641
852 511
621 709
767 236
566 772
146 541
240 277
348 411
281 227
65 222
640 704
674 668
354 587
325 533
162 409
418 15
36 418
615 835
675 205
388 801
128 152
450 13
6 368
663 628
614 441
194 66
344 363
342 639
110 285
317 392
193 565
317 766
781 569
31 48
255 716
56 398
714 313
207 164
526 642
446 792
234 680
329 110
855 163
694 743
255 290
644 21
169 371
688 71
246 766
559 332
618 581
50 771
640 303
343 49
550 636
555 802
494 71
829 469
706 749
148 364
251 133
108 266
175 599
653 632
233 117
328 596
169 592
408 418
190 755
637 452
323 561
803 398
658 554
343 292
609 654
84 193
635 794
780 742
471 544
238 480
576 676
317 410
696 125
594 283
524 856
749 238
67 169
586 481
401 493
319 787
481 863
671 680
446 576
24 96
182 826
537 857
19 494
403 472
849 181
190 511
489 211
15 175
82 812
292 445
775 218
264 716
836 392
431 415
72 361
603 399
499 704
246 490
156 627
675 709
14 28
841 864
816 559
131 320
648 118
387 673
651 227
779 54
254 104
47 92
268 228
480 731
534 139
700 698
183 390
258 398
460 611
135 291
49 584
346 865
183 72
285 727
619 827
799 130
358 502
2 826
115 616
849 389
848 651
668 241
72 402
525 791
417 369
181 638
129 616
4 652
205 498
226 556
630 119
682 349
794 308
73 13
715 586
666 582
20 502
422 637
519 33
5 561
192 531
263 359
641 773
20 383
680 829
865 828
187 735
851 542
266 706
394 357
343 287
606 501
113 128
480 22
551 805
245 553
673 584
836 140
487 401
290 677
4 651
466 396
695 200
700 328
802 465
69 828
72 271
754 160
648 781
386 508
5 496
480 564
174 537
799 549
319 528
253 619
219 679
221 461
132 867
408 534
229 413
263 514
88 318
300 440
726 371
709 473
784 501
548 406
219 581
74 439
457 856
646 783
115 459
812 616
45 396
397 750
751 661
174 544
195 519
785 539
860 121
327 695
44 577
722 780
121 517
857 19
675 52
866 195
564 740
384 437
76 398
790 13
723 90
816 392
283 390
269 103
399 178
538 77
172 776
618 159
411 506
33 515
570 346
309 758
608 611
560 727
243 792
567 693
195 243
216 140
108 541
806 474
76 195
846 54
206 476
782 403
774 675
549 274
532 747
37 590
444 27
410 336
20 204
851 570
798 386
638 662
328 435
186 679
522 448
210 843
815 303
581 360
360 313
605 647
733 445
772 709
90 107
632 133
479 143
443 486
194 109
13 381
658 169
400 185
513 709
822 364
307 282
475 371
845 80
23 110
139 629
391 540
113 165
556 335
631 63
381 145
400 779
263 614
582 832
15 449
236 754
55 174
738 665
560 153
132 16
837 798
243 721
541 364
381 759
20 677
856 200
358 391
237 718
458 147
855 129
135 783
162 683
792 440
117 613
410 870
233 262
820 78
508 408
611 498
516 745
662 765
496 671
650 112
296 169
854 165
107 55
553 220
117 647
155 547
238 569
716 270
562 858
724 859
35 176
19 129
621 644
841 182
786 165
19 677
573 513
169 368
243 281
463 114
142 695
443 91
588 565
3 249
810 523
151 703
207 514
278 598
624 860
352 528
419 412
283 451
68 586
329 718
615 505
391 36
412 431
677 501
346 106
606 691
42 790
690 405
704 343
615 131
800 603
177 234
473 357
122 190
335 616
448 490
837 865
751 304
635 370
666 644
405 431
320 212
835 663
826 808
510 156
728 328
120 641
49 699
181 751
38 40
848 287
522 632
387 311
243 858
615 184
286 715
270 769
328 477
143 679
785 669
238 611
574 644
280 394
653 726
429 193
432 367
473 415
627 199
367 233
645 370
513 632
293 704
640 228
519 537
405 25
781 568
274 442
645 89
666 254
867 412
857 35
270 776
269 768
115 572
294 776
867 86
262 737
586 317
657 351
767 603
735 408
541 445
431 283
343 862
717 451
422 796
82 113
340 412
418 344
65 681
764 740
70 715
514 328
823 502
802 797
114 519
298 568
81 184
264 829
834 268
504 599
467 333
657 336
306 843
468 719
788 315
89 807
552 457
590 641
239 477
854 778
754 805
173 182
537 625
4 402
758 177
711 627
86 329
288 240
90 75
290 665
38 795
865 189
224 602
562 119
393 128
378 462
286 591
486 488
677 688
825 552
708 121
604 743
3 847
154 443
780 347
856 732
341 28
538 587
321 523
655 816
585 409
252 115
18 621
165 95
478 611
174 424
274 329
803 268
86 669
73 404
571 373
40 577
458 496
79 863
858 715
312 527
515 560
862 551
629 659
78 395
389 36
266 228
804 431
791 470
301 437
157 341
616 434
430 706
246 623
94 222
13 602
107 285
841 586
553 637
240 288
239 488
866 492
222 165
317 370
706 5
249 9
566 244
808 589
435 851
700 619
846 868
631 93
688 663
68 23
716 3
552 135
698 234
37 449
64 289
33 790
341 213
14 414
164 271
421 728
38 159
514 52
136 147
433 282
349 388
755 21
41 282
710 858
46 339
837 519
821 386
143 170
533 835
338 735
834 248
746 118
855 530
713 465
532 631
170 813
37 773
540 10
261 108
1 839
232 287
711 484
430 716
452 268
53 645
457 260
366 259
332 439
689 703
282 748
525 502
637 81
145 423
610 181
580 688
721 417
636 212
284 161
52 315
768 708
848 794
636 414
473 422
707 322
328 639
573 257
4 183
595 675
803 469
36 255
677 232
353 791
869 812
587 797
434 39
753 184
74 14
24 716
227 81
372 593
108 340
552 237
74 708
717 99
223 787
577 251
316 777
210 154
286 223
808 433
422 464
795 662
334 203
779 647
445 476
563 169
748 352
200 672
537 377
366 269
409 545
506 400
14 169
200 783
275 392
23 765
764 701
533 802
414 392
699 74
242 124
461 584
830 158
392 742
743 374
525 63
858 146
622 796
471 94
790 173
757 54
850 376
443 505
335 192
88 537
126 223
797 16
578 676
404 388
7 354
164 662
359 384
1 141
366 537
607 677
477 618
540 840
429 647
487 747
678 561
293 424
793 727
353 515
228 38
790 196
50 549
396 492
383 364
292 634
585 595
840 421
34 730
806 292
131 758
136 768
164 748
165 309
517 32
166 539
334 2
284 133
710 681
215 261
236 347
438 492
667 742
291 135
864 573
810 348
488 140
768 307
329 278
517 152
539 624
333 476
244 28
796 763
304 596
67 48
231 175
696 663
130 496
96 27
217 748
209 791
644 172
147 652
171 789
193 513
197 73
327 13
610 732
666 535
782 538
108 94
650 145
408 682
440 135
325 656
768 441
570 637
98 16
403 654
319 223
353 242
751 708
84 457
641 438
841 856
331 237
493 747
336 843
558 287
504 572
690 818
36 809
356 692
285 805
587 48
422 701
423 76
117 417
227 234
100 868
432 92
106 15
659 89
129 476
330 186
646 108
284 293
698 465
642 146
825 434
298 493
423 178
138 338
140 55
294 165
725 655
428 667
765 83
566 465
17 11
382 72
610 138
287 376
35 507
694 565
474 47
112 230
224 538
469 163
641 434
788 778
837 447
830 761
194 209
608 757
476 560
630 748
456 780
416 389
701 741
672 288
443 734
675 406
324 200
14 772
223 108
613 25
481 72
321 393
157 504
20 816
672 89
653 153
516 90
666 619
78 149
851 407
155 226
492 340
721 572
332 800
62 535
330 194
31 59
311 673
221 494
459 431
370 314
598 99
49 261
582 434
108 411
626 706
190 551
129 80
459 316
167 199
501 649
550 482
656 335
790 85
104 722
835 310
198 63
642 84
292 845
97 138
633 688
135 554
851 525
529 91
643 239
404 291
102 426
211 795
214 517
158 374
142 204
524 374
709 483
819 232
841 187
623 642
93 403
421 396
866 734
409 460
328 831
73 549
661 172
496 141
543 328
451 301
381 511
555 675
845 16
582 409
338 755
615 223
466 265
727 44
840 518
272 82
98 732
631 554
652 672
502 716
838 319
181 809
662 487
405 459
858 857
676 134
469 409
103 307
639 310
296 488
517 320
272 399
497 200
58 400
646 753
846 727
174 49
636 604
346 407
570 864
837 589
211 44
454 602
509 858
292 235
437 787
576 438
812 47
600 316
801 560
215 40
18 241
628 330
538 389
688 244
229 663
360 5
17 303
737 803
185 94
468 19
192 819
409 819
728 357
690 740
786 125
274 297
790 134
701 825
740 191
823 326
594 475
465 792
192 390
502 841
31 119
415 665
767 756
314 620
501 852
260 426
237 826
315 538
221 512
3 592
478 113
207 605
670 541
315 159
67 135
527 581
491 845
610 848
408 124
464 461
721 416
623 678
55 245
84 283
258 409
712 681
45 628
799 234
459 464
371 52
156 774
497 320
473 121
158 202
306 243
400 116
536 22
326 424
745 730
29 402
267 171
736 846
41 60
106 730
207 680
516 43
34 652
574 353
33 411
278 855
707 246
594 685
344 719
448 638
858 684
344 468
207 818
455 448
462 402
500 833
749 85
663 582
831 789
116 718
27 701
525 406
140 431
323 89
69 42
609 237
739 788
594 452
399 676
409 544
12 715
658 831
171 615
559 696
837 381
556 338
388 748
233 716
579 87
641 513
825 509
710 606
201 235
621 720
212 48
784 166
306 598
659 60
346 148
400 671
112 196
684 826
650 563
260 622
764 303
32 517
392 61
297 487
633 458
429 535
503 426
344 81
180 386
191 207
480 651
651 763
251 712
257 735
314 270
649 494
79 652
396 623
357 785
345 103
642 23
481 615
194 260
488 713
380 709
146 781
627 214
539 503
407 200
63 111
448 391
466 794
748 677
505 832
71 223
553 356
848 46
644 53
665 456
461 21
158 15
68 582
507 533
328 854
58 374
868 237
266 404
253 217
445 283
205 225
564 85
805 184
734 214
700 533
610 448
395 241
425 548
375 603
534 217
256 416
385 281
702 309
837 120
622 200
87 483
716 516
303 315
145 380
275 423
95 622
259 289
151 418
431 103
234 225
240 248
132 395
760 542
671 712
250 474
450 575
200 160
456 373
312 15
722 221
392 167
102 827
712 91
804 126
245 769
599 285
530 260
612 782
435 866
721 601
706 526
265 198
431 561
530 761
94 238
24 476
617 809
819 143
306 275
287 759
275 138
521 723
207 442
408 451
47 45
574 173
693 501
844 729
463 264
33 583
360 404
412 384
757 249
759 80
524 251
854 204
660 395
272 572
19 367
112 827
49 411
472 80
369 28
268 290
335 736
712 692
162 717
697 315
648 870
535 649
392 495
318 166
67 47
503 382
570 218
71 812
421 167
99 670
345 258
164 415
828 19
277 275
584 172
824 667
544 36
254 471
94 534
591 299
544 132
388 275
262 363
337 576
377 38
175 650
179 792
844 401
422 310
209 654
106 831
603 23
623 807
698 212
346 545
437 475
310 603
724 107
100 624
601 634
448 640
69 90
605 184
218 743
361 558
775 642
5 697
248 19
435 721
864 493
864 786
169 458
255 868
334 449
118 306
429 701
84 51
725 531
572 513
626 820
186 814
207 632
160 792
786 17
815 691
852 431
532 151
788 460
534 312
841 605
497 458
486 739
412 706
17 856
127 813
208 205
523 98
230 740
654 703
84 253
476 759
349 661
869 409
24 548
493 117
186 623
80 619
706 467
200 202
435 686
225 649
62 101
338 530
88 21
344 59
784 491
621 592
570 254
570 555
793 34
758 586
570 244
784 363
489 590
793 664
814 6
415 89
266 452
605 52
203 182
380 684
163 238
4 60
781 378
191 147
411 409
527 128
801 785
767 90
625 34
329 98
697 864
422 429
375 71
730 114
110 810
452 131
6 106
299 252
173 16
178 93
660 712
554 768
573 495
854 130
604 459
643 202
5 179
672 714
415 611
109 842
556 245
357 619
713 470
642 385
18 794
460 651
9 479
747 172
394 732
826 571
24 711
809 441
214 371
36 406
718 661
497 634
691 223
196 92
253 29
200 556
204 12
27 679
836 12
160 741
784 80
89 303
257 190
554 700
557 214
122 417
503 177
470 716
736 210
790 334
77 486
60 111
249 495
509 582
829 646
682 5
494 543
647 378
739 431
174 82
693 541
509 321
365 797
277 331
501 583
543 511
430 374
610 681
131 55
207 475
283 400
28 770
841 414
508 398
218 266
556 444
36 662
282 623
263 469
211 860
322 380
215 369
291 321
720 701
365 645
97 548
597 255
764 474
710 716
618 142
861 570
533 205
493 662
545 402
480 826
263 300
598 716
31 654
657 286
159 826
144 359
615 636
601 406
87 25
822 212
223 606
842 830
439 106
645 459
740 434
209 235
380 662
250 776
470 585
516 312
723 788
132 828
745 263
537 261
637 273
529 360
587 734
695 636
862 244
495 95
226 705
794 863
678 747
670 767
431 169
421 90
592 525
169 807
460 687
318 826
701 632
799 201
584 566
751 255
863 428
42 824
168 627
207 199
358 442
786 193
326 270
109 737
242 675
479 658
500 863
674 193
859 784
641 453
628 809
494 366
392 613
267 400
451 2
417 611
143 439
226 843
232 574
288 543
489 831
254 147
609 555
153 328
226 826
80 849
747 88
733 866
767 21
380 249
310 382
649 398
133 101
790 498
539 587
538 753
154 336
694 387
605 124
110 586
4 101
848 702
525 667
430 108
15 424
787 246
26 588
745 679
463 492
781 801
395 267
163 480
491 799
535 790
408 505
780 113
468 659
250 586
714 800
326 26
20 718
130 154
738 487
406 386
210 515
559 802
566 26
822 335
126 72
573 535
780 668
144 615
398 299
776 108
409 184
429 634
492 772
128 133
457 369
767 439
4 9
316 172
715 417
745 140
8 866
174 235
547 465
306 441
680 172
624 505
860 506
345 375
648 698
629 691
481 642
667 599
870 553
232 418
682 714
515 15
693 150
326 640
238 614
331 128
206 481
171 705
648 178
779 623
486 620
358 305
622 151
786 436
711 751
791 837
574 149
228 712
155 696
227 791
763 370
417 527
622 358
851 202
580 500
796 729
102 112
507 311
416 608
584 423
2 850
495 350
832 56
669 316
673 687
217 129
551 209
388 779
137 634
249 272
420 712
224 148
184 421
458 12
223 762
133 654
45 540
561 662
284 475
434 606
249 417
666 815
810 456
445 200
856 721
747 354
693 375
606 86
716 69
183 803
130 429
314 107
849 89
351 223
866 262
106 393
656 1
717 34
489 208
536 279
683 111
370 149
153 547
176 496
743 9
432 816
397 152
781 819
333 496
372 189
822 299
531 503
453 476
309 71
644 225
774 462
575 267
133 356
856 327
217 147
734 360
163 670
347 429
310 595
225 518
535 395
641 52
422 8
371 294
481 375
597 502
580 568
526 487
696 612
549 473
626 102
793 482
584 589
121 508
716 686
453 784
176 630
578 301
60 503
704 397
631 695
279 258
164 532
567 26
616 854
476 615
165 663
323 118
372 698
236 103
812 50
81 56
688 96
31 131
87 102
108 169
493 331
470 617
605 821
437 388
385 166
313 577
594 265
180 621
102 191
633 88
817 244
841 171
676 697
59 226
261 317
834 529
859 539
325 784
145 426
435 807
694 585
848 759
336 385
525 135
214 701
306 255
180 306
606 50
349 59
793 413
33 749
655 510
487 397
788 830
273 84
862 363
293 25
666 414
685 616
669 99
728 278
81 338
415 65
401 786
695 691
474 40
771 652
581 146
342 681
681 113
20 51
116 865
459 591
724 433
173 541
